108
0 REAGAN    
1 HEFLIN, H 
2 DENTON, J 
3 STEVENS, T
4 MURKOWSKI 
5 GOLDWATER 
6 DECONCINI 
7 PRYOR, D  
8 BUMPERS, D
9 HAYAKAWA, 
10 CRANSTON, 
11 HART, G   
12 ARMSTRONG 
13 DODD, C JR
14 WEICKER, L
15 BIDEN, J  
16 ROTH, W   
17 CHILES, L 
18 HAWKINS, P
19 NUNN, S   
20 MATTINGLY 
21 INOUYE, D 
22 MATSUNAGA 
23 MCCLURE, J
24 SYMMS, S  
25 PERCY, C  
26 DIXON, A  
27 QUAYLE, J 
28 LUGAR, R  
29 GRASSLEY, 
30 JEPSEN, R 
31 DOLE, R   
32 KASSEBAUM 
33 FORD, W   
34 HUDDLESTON
35 JOHNSTON, 
36 LONG, R   
37 MITCHELL, 
38 COHEN, W  
39 MATHIAS, C
40 SARBANES, 
41 KENNEDY, E
42 TSONGAS, P
43 LEVIN, C  
44 RIEGLE, D 
45 BOSCHWITZ 
46 DURENBERGE
47 COCHRAN, T
48 STENNIS, J
49 DANFORTH, 
50 EAGLETON, 
51 BAUCUS, M 
52 MELCHER, J
53 EXON, J   
54 ZORINSKY, 
55 CANNON, H 
56 LAXALT, P 
57 RUDMAN, W 
58 HUMPHREY, 
59 WILLIAMS, 
60 BRADLEY, W
61 BRADY, N  
62 DOMENICI, 
63 SCHMITT, H
64 DAMATO, A 
65 MOYNIHAN, 
66 EAST, J   
67 HELMS, J  
68 ANDREWS, M
69 BURDICK, Q
70 METZENBAUM
71 GLENN, J  
72 NICKLES, D
73 BOREN, D  
74 HATFIELD, 
75 PACKWOOD, 
76 SPECTER, A
77 HEINZ, J  
78 PELL, C   
79 CHAFEE, J 
80 THURMOND, 
81 HOLLINGS, 
82 PRESSLER, 
83 ABDNOR, J 
84 BAKER, H  
85 SASSER, J 
86 BENTSEN, L
87 TOWER, J  
88 HATCH, O  
89 GARN, J   
90 STAFFORD, 
91 LEAHY, P  
92 BYRD, HF  
93 WARNER, J 
94 JACKSON, H
95 GORTON, S 
96 RANDOLPH, 
97 BYRD, RC  
98 PROXMIRE, 
99 KASTEN, R 
100 WALLOP, M 
101 SIMPSON, A
102 WILSON    
103 HECHT     
104 LAUTENBERG
105 BINGAMAN  
106 TRIBLE, P 
107 EVANS, D  
0 1 0.870328
0 2 0.657177
0 3 0.668881
0 4 0.663471
0 5 0.654586
0 6 0.941026
0 7 1.000000
0 8 1.000000
0 9 0.642170
0 10 1.000000
0 11 1.000000
0 12 0.730532
0 13 1.000000
0 14 0.937803
0 15 1.000000
0 16 0.726814
0 17 0.891336
0 18 0.730796
0 19 0.818803
0 20 0.670412
0 21 1.000000
0 22 1.000000
0 23 0.731753
0 24 0.720759
0 25 0.667059
0 26 0.964711
0 27 0.642499
0 28 0.618395
0 29 0.702551
0 30 0.681487
0 31 0.652063
0 32 0.694713
0 33 1.000000
0 34 1.000000
0 35 0.853516
0 36 0.840609
0 37 1.000000
0 38 0.774802
0 39 0.876550
0 40 1.000000
0 41 1.000000
0 42 1.000000
0 43 1.000000
0 44 1.000000
0 45 0.729977
0 46 0.769721
0 47 0.673490
0 48 0.803752
0 49 0.679233
0 50 1.000000
0 51 1.000000
0 52 1.000000
0 53 0.915478
0 54 0.877672
0 55 0.923740
0 56 0.649050
0 57 0.703149
0 58 0.756352
0 59 1.000000
0 60 1.000000
0 61 0.744108
0 62 0.653647
0 63 0.673648
0 64 0.744644
0 65 1.000000
0 66 0.711847
0 67 0.740049
0 68 0.768476
0 69 1.000000
0 70 1.000000
0 71 0.994539
0 72 0.708502
0 73 0.897225
0 74 0.823007
0 75 0.728514
0 76 0.844719
0 77 0.796548
0 78 1.000000
0 79 0.799116
0 80 0.624055
0 81 1.000000
0 82 0.811277
0 83 0.695190
0 84 0.605522
0 85 1.000000
0 86 0.860467
0 87 0.636923
0 88 0.694808
0 89 0.678950
0 90 0.784241
0 91 1.000000
0 92 0.721422
0 93 0.659892
0 94 0.992795
0 95 0.674095
0 96 1.000000
0 97 1.000000
0 98 0.969068
0 99 0.725991
0 100 0.670055
0 101 0.657085
0 102 0.691788
0 103 0.640874
0 104 1.000000
0 105 1.000000
0 106 0.688673
0 107 0.720600
1 2 0.698071
1 3 0.779512
1 4 0.750222
1 5 0.872488
1 6 0.462189
1 7 0.538697
1 8 0.706839
1 9 0.832157
1 10 0.840761
1 11 0.805411
1 12 0.712888
1 13 0.836592
1 14 0.919720
1 15 0.725008
1 16 0.734882
1 17 0.568430
1 18 0.672193
1 19 0.507992
1 20 0.677962
1 21 0.742007
1 22 0.749664
1 23 0.774067
1 24 0.735261
1 25 0.838321
1 26 0.582381
1 27 0.806917
1 28 0.771878
1 29 0.658661
1 30 0.693294
1 31 0.747976
1 32 0.783916
1 33 0.497720
1 34 0.555786
1 35 0.533765
1 36 0.581735
1 37 0.667675
1 38 0.772974
1 39 0.905600
1 40 0.726801
1 41 0.827084
1 42 0.861515
1 43 0.771647
1 44 0.710789
1 45 0.792558
1 46 0.822591
1 47 0.691806
1 48 0.590606
1 49 0.796077
1 50 0.714561
1 51 0.636479
1 52 0.559287
1 53 0.513169
1 54 0.470893
1 55 0.497618
1 56 0.728686
1 57 0.822600
1 58 0.756064
1 59 0.776610
1 60 0.771055
1 61 0.953405
1 62 0.705290
1 63 0.695369
1 64 0.703735
1 65 0.806544
1 66 0.688245
1 67 0.645557
1 68 0.696868
1 69 0.563583
1 70 0.809734
1 71 0.710478
1 72 0.682474
1 73 0.445665
1 74 0.952270
1 75 0.833276
1 76 0.756820
1 77 0.803069
1 78 0.792936
1 79 0.905913
1 80 0.702940
1 81 0.634366
1 82 0.657706
1 83 0.646555
1 84 0.769156
1 85 0.527015
1 86 0.549497
1 87 0.801592
1 88 0.710513
1 89 0.763733
1 90 0.837318
1 91 0.746268
1 92 0.655386
1 93 0.654510
1 94 0.637847
1 95 0.858495
1 96 0.536498
1 97 0.546783
1 98 0.884573
1 99 0.656844
1 100 0.759151
1 101 0.754613
1 102 0.716651
1 103 0.712621
1 104 0.871891
1 105 0.758412
1 106 0.605663
1 107 0.801398
2 3 0.437785
2 4 0.392177
2 5 0.513514
2 6 0.799000
2 7 0.900066
2 8 1.000000
2 9 0.339260
2 10 1.000000
2 11 1.000000
2 12 0.378971
2 13 1.000000
2 14 0.908360
2 15 1.000000
2 16 0.497323
2 17 0.836021
2 18 0.442406
2 19 0.684372
2 20 0.331428
2 21 1.000000
2 22 1.000000
2 23 0.363855
2 24 0.339548
2 25 0.538276
2 26 0.884926
2 27 0.438312
2 28 0.354738
2 29 0.427991
2 30 0.388611
2 31 0.367629
2 32 0.525674
2 33 0.920810
2 34 0.873335
2 35 0.683107
2 36 0.666257
2 37 1.000000
2 38 0.628790
2 39 0.863027
2 40 1.000000
2 41 1.000000
2 42 1.000000
2 43 1.000000
2 44 1.000000
2 45 0.563856
2 46 0.646958
2 47 0.392866
2 48 0.644356
2 49 0.514125
2 50 1.000000
2 51 1.000000
2 52 0.925224
2 53 0.799398
2 54 0.677846
2 55 0.853313
2 56 0.289144
2 57 0.467051
2 58 0.473663
2 59 1.000000
2 60 1.000000
2 61 0.723878
2 62 0.404305
2 63 0.379654
2 64 0.477991
2 65 1.000000
2 66 0.306134
2 67 0.337749
2 68 0.589852
2 69 0.973678
2 70 1.000000
2 71 0.955181
2 72 0.384645
2 73 0.718832
2 74 0.688157
2 75 0.604241
2 76 0.706243
2 77 0.688897
2 78 1.000000
2 79 0.690223
2 80 0.256912
2 81 0.903627
2 82 0.605529
2 83 0.364331
2 84 0.374083
2 85 0.933306
2 86 0.746840
2 87 0.357531
2 88 0.330171
2 89 0.314990
2 90 0.638816
2 91 1.000000
2 92 0.467289
2 93 0.361810
2 94 0.961564
2 95 0.507375
2 96 0.922163
2 97 0.922825
2 98 0.954304
2 99 0.410186
2 100 0.311816
2 101 0.369365
2 102 0.366087
2 103 0.326363
2 104 1.000000
2 105 1.000000
2 106 0.385040
2 107 0.683668
3 4 0.275374
3 5 0.547923
3 6 0.788895
3 7 0.856200
3 8 0.959522
3 9 0.374154
3 10 0.967424
3 11 0.984777
3 12 0.516261
3 13 0.986478
3 14 0.698293
3 15 0.993468
3 16 0.485992
3 17 0.736639
3 18 0.448447
3 19 0.724776
3 20 0.404397
3 21 0.880055
3 22 0.895084
3 23 0.417779
3 24 0.510994
3 25 0.441937
3 26 0.793740
3 27 0.427454
3 28 0.343654
3 29 0.496561
3 30 0.425624
3 31 0.325608
3 32 0.396211
3 33 0.866289
3 34 0.782429
3 35 0.650596
3 36 0.652382
3 37 0.963366
3 38 0.557897
3 39 0.638138
3 40 0.983622
3 41 1.000000
3 42 0.950697
3 43 1.000000
3 44 1.000000
3 45 0.495843
3 46 0.531277
3 47 0.331789
3 48 0.615940
3 49 0.388874
3 50 1.000000
3 51 0.919662
3 52 0.891707
3 53 0.824706
3 54 0.754667
3 55 0.847492
3 56 0.317234
3 57 0.349751
3 58 0.628992
3 59 0.971525
3 60 0.966513
3 61 0.540380
3 62 0.315837
3 63 0.296642
3 64 0.381105
3 65 0.922542
3 66 0.549281
3 67 0.596731
3 68 0.435489
3 69 0.838970
3 70 1.000000
3 71 0.839807
3 72 0.561484
3 73 0.767533
3 74 0.496370
3 75 0.409279
3 76 0.551839
3 77 0.520872
3 78 0.934635
3 79 0.505695
3 80 0.341528
3 81 0.827086
3 82 0.554014
3 83 0.353235
3 84 0.257129
3 85 0.853179
3 86 0.667546
3 87 0.336592
3 88 0.454131
3 89 0.402739
3 90 0.482036
3 91 0.975761
3 92 0.586877
3 93 0.366141
3 94 0.839074
3 95 0.302312
3 96 0.848294
3 97 0.859219
3 98 0.978350
3 99 0.434642
3 100 0.337958
3 101 0.335911
3 102 0.362511
3 103 0.344682
3 104 0.884138
3 105 0.839741
3 106 0.423178
3 107 0.528842
4 5 0.543508
4 6 0.767584
4 7 0.864146
4 8 0.974667
4 9 0.353431
4 10 1.000000
4 11 1.000000
4 12 0.430809
4 13 1.000000
4 14 0.750942
4 15 0.968500
4 16 0.436300
4 17 0.740639
4 18 0.408938
4 19 0.707230
4 20 0.316418
4 21 0.946290
4 22 0.959562
4 23 0.382907
4 24 0.423135
4 25 0.452267
4 26 0.798645
4 27 0.389888
4 28 0.329673
4 29 0.436947
4 30 0.388967
4 31 0.323116
4 32 0.400574
4 33 0.883837
4 34 0.811497
4 35 0.623285
4 36 0.656843
4 37 0.975463
4 38 0.562380
4 39 0.704444
4 40 1.000000
4 41 1.000000
4 42 0.981001
4 43 1.000000
4 44 1.000000
4 45 0.494795
4 46 0.535783
4 47 0.352418
4 48 0.632843
4 49 0.386028
4 50 1.000000
4 51 0.931556
4 52 0.876129
4 53 0.790625
4 54 0.701361
4 55 0.823533
4 56 0.312061
4 57 0.368650
4 58 0.530510
4 59 0.965293
4 60 0.988126
4 61 0.607874
4 62 0.322528
4 63 0.315364
4 64 0.363915
4 65 0.962088
4 66 0.474315
4 67 0.517682
4 68 0.451831
4 69 0.877695
4 70 1.000000
4 71 0.899766
4 72 0.464117
4 73 0.719216
4 74 0.547739
4 75 0.463982
4 76 0.569663
4 77 0.564580
4 78 0.973342
4 79 0.557923
4 80 0.315136
4 81 0.871660
4 82 0.526049
4 83 0.358620
4 84 0.294331
4 85 0.878602
4 86 0.684702
4 87 0.361865
4 88 0.388211
4 89 0.325679
4 90 0.507013
4 91 1.000000
4 92 0.554409
4 93 0.365775
4 94 0.871107
4 95 0.353524
4 96 0.870739
4 97 0.896495
4 98 0.902762
4 99 0.368612
4 100 0.330893
4 101 0.319029
4 102 0.365235
4 103 0.326207
4 104 0.944418
4 105 0.882328
4 106 0.379922
4 107 0.533895
5 6 0.946795
5 7 0.987756
5 8 1.000000
5 9 0.498607
5 10 1.000000
5 11 1.000000
5 12 0.570732
5 13 1.000000
5 14 0.879118
5 15 1.000000
5 16 0.652851
5 17 0.916265
5 18 0.654180
5 19 0.828715
5 20 0.508065
5 21 1.000000
5 22 1.000000
5 23 0.510262
5 24 0.505135
5 25 0.648804
5 26 0.970655
5 27 0.502225
5 28 0.553246
5 29 0.624023
5 30 0.587983
5 31 0.541950
5 32 0.641494
5 33 1.000000
5 34 0.974529
5 35 0.778701
5 36 0.763658
5 37 1.000000
5 38 0.767357
5 39 0.874224
5 40 1.000000
5 41 1.000000
5 42 1.000000
5 43 1.000000
5 44 1.000000
5 45 0.685075
5 46 0.760562
5 47 0.567485
5 48 0.760272
5 49 0.646274
5 50 1.000000
5 51 1.000000
5 52 1.000000
5 53 0.898323
5 54 0.821557
5 55 1.000000
5 56 0.497287
5 57 0.567354
5 58 0.616841
5 59 1.000000
5 60 1.000000
5 61 0.704231
5 62 0.559826
5 63 0.591288
5 64 0.664299
5 65 1.000000
5 66 0.520704
5 67 0.560395
5 68 0.714483
5 69 1.000000
5 70 1.000000
5 71 1.000000
5 72 0.586486
5 73 0.840162
5 74 0.743481
5 75 0.686384
5 76 0.842027
5 77 0.777055
5 78 1.000000
5 79 0.757135
5 80 0.472542
5 81 0.940231
5 82 0.766222
5 83 0.579356
5 84 0.527456
5 85 1.000000
5 86 0.882756
5 87 0.480693
5 88 0.557920
5 89 0.506266
5 90 0.732343
5 91 1.000000
5 92 0.646066
5 93 0.528197
5 94 1.000000
5 95 0.598273
5 96 1.000000
5 97 1.000000
5 98 0.918005
5 99 0.604094
5 100 0.501784
5 101 0.549593
5 102 0.510062
5 103 0.466998
5 104 1.000000
5 105 1.000000
5 106 0.557875
5 107 0.690750
6 7 0.486068
6 8 0.615803
6 9 0.874358
6 10 0.698450
6 11 0.695778
6 12 0.753021
6 13 0.707973
6 14 0.849784
6 15 0.581786
6 16 0.701675
6 17 0.451526
6 18 0.629894
6 19 0.524550
6 20 0.727071
6 21 0.676655
6 22 0.640870
6 23 0.846092
6 24 0.818725
6 25 0.778698
6 26 0.523131
6 27 0.810812
6 28 0.762878
6 29 0.678867
6 30 0.711726
6 31 0.779004
6 32 0.734819
6 33 0.455176
6 34 0.518977
6 35 0.543475
6 36 0.626500
6 37 0.574071
6 38 0.751341
6 39 0.873775
6 40 0.620033
6 41 0.695802
6 42 0.701379
6 43 0.638657
6 44 0.599400
6 45 0.783517
6 46 0.755928
6 47 0.751332
6 48 0.601041
6 49 0.760698
6 50 0.632526
6 51 0.558976
6 52 0.452426
6 53 0.510741
6 54 0.520176
6 55 0.468508
6 56 0.798679
6 57 0.839411
6 58 0.814537
6 59 0.716838
6 60 0.668782
6 61 0.905102
6 62 0.710248
6 63 0.687529
6 64 0.677404
6 65 0.659286
6 66 0.826087
6 67 0.798027
6 68 0.701476
6 69 0.547484
6 70 0.688607
6 71 0.644865
6 72 0.766290
6 73 0.499239
6 74 0.859132
6 75 0.773053
6 76 0.751274
6 77 0.755713
6 78 0.652395
6 79 0.840988
6 80 0.777409
6 81 0.582003
6 82 0.639721
6 83 0.715740
6 84 0.805359
6 85 0.465319
6 86 0.475167
6 87 0.859299
6 88 0.710125
6 89 0.789923
6 90 0.794276
6 91 0.638095
6 92 0.679680
6 93 0.707587
6 94 0.600924
6 95 0.800729
6 96 0.469903
6 97 0.478562
6 98 0.782829
6 99 0.678473
6 100 0.820535
6 101 0.767064
6 102 0.766832
6 103 0.847394
6 104 0.609717
6 105 0.598580
6 106 0.660912
6 107 0.776310
7 8 0.363143
7 9 0.915431
7 10 0.557971
7 11 0.572157
7 12 0.905480
7 13 0.585429
7 14 0.771467
7 15 0.504869
7 16 0.786810
7 17 0.471375
7 18 0.758030
7 19 0.527239
7 20 0.838944
7 21 0.520168
7 22 0.485338
7 23 0.926069
7 24 1.000000
7 25 0.805882
7 26 0.481144
7 27 0.938966
7 28 0.883726
7 29 0.776118
7 30 0.814857
7 31 0.873276
7 32 0.736109
7 33 0.383934
7 34 0.437188
7 35 0.534525
7 36 0.646125
7 37 0.467257
7 38 0.786068
7 39 0.791721
7 40 0.485758
7 41 0.597484
7 42 0.560903
7 43 0.498919
7 44 0.465323
7 45 0.833460
7 46 0.769272
7 47 0.786953
7 48 0.578622
7 49 0.807982
7 50 0.499341
7 51 0.413982
7 52 0.390191
7 53 0.463790
7 54 0.576743
7 55 0.456794
7 56 0.894284
7 57 0.885251
7 58 0.947069
7 59 0.640313
7 60 0.549503
7 61 0.979269
7 62 0.801043
7 63 0.793736
7 64 0.798284
7 65 0.589419
7 66 0.939854
7 67 0.915617
7 68 0.664471
7 69 0.403690
7 70 0.580092
7 71 0.573382
7 72 0.903321
7 73 0.447641
7 74 0.816744
7 75 0.791021
7 76 0.737587
7 77 0.753141
7 78 0.572135
7 79 0.801893
7 80 0.877625
7 81 0.502381
7 82 0.687232
7 83 0.788762
7 84 0.874830
7 85 0.373265
7 86 0.505296
7 87 0.926161
7 88 0.873356
7 89 0.924237
7 90 0.748332
7 91 0.468093
7 92 0.806549
7 93 0.807201
7 94 0.563778
7 95 0.842049
7 96 0.420186
7 97 0.415253
7 98 0.746903
7 99 0.806437
7 100 0.887166
7 101 0.834197
7 102 0.878073
7 103 0.903446
7 104 0.557721
7 105 0.456079
7 106 0.794195
7 107 0.837242
8 9 1.000000
8 10 0.443624
8 11 0.450163
8 12 1.000000
8 13 0.451178
8 14 0.694835
8 15 0.432344
8 16 0.913825
8 17 0.551835
8 18 0.875323
8 19 0.650628
8 20 1.000000
8 21 0.449127
8 22 0.390776
8 23 1.000000
8 24 1.000000
8 25 0.851670
8 26 0.496286
8 27 1.000000
8 28 0.991645
8 29 0.942729
8 30 0.963403
8 31 1.000000
8 32 0.835631
8 33 0.441900
8 34 0.524731
8 35 0.661483
8 36 0.766275
8 37 0.378192
8 38 0.756006
8 39 0.704444
8 40 0.354998
8 41 0.422408
8 42 0.442247
8 43 0.356441
8 44 0.337899
8 45 0.838308
8 46 0.764547
8 47 0.940649
8 48 0.680908
8 49 0.890734
8 50 0.384644
8 51 0.410477
8 52 0.510414
8 53 0.604731
8 54 0.763958
8 55 0.541715
8 56 1.000000
8 57 0.917454
8 58 1.000000
8 59 0.545221
8 60 0.412236
8 61 1.000000
8 62 0.961156
8 63 0.969661
8 64 0.897888
8 65 0.440637
8 66 1.000000
8 67 1.000000
8 68 0.797217
8 69 0.447362
8 70 0.398533
8 71 0.474831
8 72 1.000000
8 73 0.658861
8 74 0.793764
8 75 0.785854
8 76 0.728952
8 77 0.720373
8 78 0.435637
8 79 0.740986
8 80 1.000000
8 81 0.528476
8 82 0.798870
8 83 0.975456
8 84 0.987539
8 85 0.456321
8 86 0.617234
8 87 1.000000
8 88 1.000000
8 89 1.000000
8 90 0.748830
8 91 0.353023
8 92 0.978220
8 93 0.970907
8 94 0.519446
8 95 0.907738
8 96 0.488100
8 97 0.444542
8 98 0.783773
8 99 0.950835
8 100 1.000000
8 101 0.977016
8 102 0.964882
8 103 1.000000
8 104 0.470622
8 105 0.412367
8 106 0.903256
8 107 0.879580
9 10 1.000000
9 11 1.000000
9 12 0.423067
9 13 1.000000
9 14 0.835442
9 15 1.000000
9 16 0.557915
9 17 0.823170
9 18 0.478723
9 19 0.787078
9 20 0.359796
9 21 1.000000
9 22 1.000000
9 23 0.368526
9 24 0.351854
9 25 0.475069
9 26 0.892794
9 27 0.420027
9 28 0.334582
9 29 0.492114
9 30 0.428835
9 31 0.327262
9 32 0.453843
9 33 1.000000
9 34 0.938532
9 35 0.715599
9 36 0.690203
9 37 1.000000
9 38 0.598029
9 39 0.820527
9 40 1.000000
9 41 1.000000
9 42 1.000000
9 43 1.000000
9 44 1.000000
9 45 0.500685
9 46 0.679668
9 47 0.346562
9 48 0.631821
9 49 0.414697
9 50 1.000000
9 51 1.000000
9 52 0.910000
9 53 0.912425
9 54 0.775832
9 55 0.917260
9 56 0.293678
9 57 0.405996
9 58 0.488861
9 59 1.000000
9 60 1.000000
9 61 0.572378
9 62 0.341475
9 63 0.365600
9 64 0.423444
9 65 1.000000
9 66 0.418993
9 67 0.465388
9 68 0.477359
9 69 0.958387
9 70 1.000000
9 71 0.956194
9 72 0.487455
9 73 0.790146
9 74 0.583172
9 75 0.504389
9 76 0.652308
9 77 0.651229
9 78 1.000000
9 79 0.617995
9 80 0.300557
9 81 0.860577
9 82 0.649056
9 83 0.412584
9 84 0.303857
9 85 0.951224
9 86 0.736822
9 87 0.312036
9 88 0.389593
9 89 0.319277
9 90 0.553644
9 91 1.000000
9 92 0.531984
9 93 0.352682
9 94 0.977158
9 95 0.397881
9 96 1.000000
9 97 0.979215
9 98 0.935826
9 99 0.492676
9 100 0.296049
9 101 0.333335
9 102 1.000000
9 103 1.000000
9 104 1.000000
9 105 1.000000
9 106 1.000000
9 107 1.000000
10 11 0.406210
10 12 1.000000
10 13 0.359196
10 14 0.669212
10 15 0.479632
10 16 1.000000
10 17 0.670217
10 18 0.983104
10 19 0.790312
10 20 1.000000
10 21 0.390787
10 22 0.350533
10 23 1.000000
10 24 1.000000
10 25 0.923754
10 26 0.582043
10 27 1.000000
10 28 1.000000
10 29 1.000000
10 30 1.000000
10 31 1.000000
10 32 0.925517
10 33 0.538745
10 34 0.579104
10 35 0.763838
10 36 0.834911
10 37 0.438383
10 38 0.834548
10 39 0.679395
10 40 0.348168
10 41 0.335889
10 42 0.396067
10 43 0.359571
10 44 0.375994
10 45 0.871793
10 46 0.807257
10 47 1.000000
10 48 0.798383
10 49 0.931977
10 50 0.431455
10 51 0.471460
10 52 0.571932
10 53 0.738962
10 54 0.906752
10 55 0.624875
10 56 1.000000
10 57 0.948382
10 58 1.000000
10 59 0.501514
10 60 0.409337
10 61 1.000000
10 62 1.000000
10 63 1.000000
10 64 0.945859
10 65 0.413686
10 66 1.000000
10 67 1.000000
10 68 0.870152
10 69 0.511736
10 70 0.399151
10 71 0.454597
10 72 1.000000
10 73 0.816565
10 74 0.818118
10 75 0.787485
10 76 0.734724
10 77 0.758419
10 78 0.428234
10 79 0.733967
10 80 1.000000
10 81 0.582290
10 82 0.916407
10 83 1.000000
10 84 1.000000
10 85 0.553514
10 86 0.721254
10 87 1.000000
10 88 1.000000
10 89 1.000000
10 90 0.754048
10 91 0.379074
10 92 1.000000
10 93 1.000000
10 94 0.549164
10 95 0.893331
10 96 0.548404
10 97 0.530705
10 98 0.916025
10 99 1.000000
10 100 1.000000
10 101 1.000000
10 102 0.964714
10 103 1.000000
10 104 0.368984
10 105 0.429957
10 106 0.949350
10 107 0.838159
11 12 1.000000
11 13 0.417537
11 14 0.695044
11 15 0.514672
11 16 0.961071
11 17 0.604632
11 18 0.969734
11 19 0.736327
11 20 1.000000
11 21 0.458408
11 22 0.425010
11 23 1.000000
11 24 1.000000
11 25 0.884049
11 26 0.588556
11 27 1.000000
11 28 1.000000
11 29 1.000000
11 30 1.000000
11 31 1.000000
11 32 0.860346
11 33 0.556930
11 34 0.587431
11 35 0.782009
11 36 0.853893
11 37 0.474510
11 38 0.794917
11 39 0.677896
11 40 0.369460
11 41 0.384577
11 42 0.401093
11 43 0.395490
11 44 0.389694
11 45 0.876571
11 46 0.781521
11 47 1.000000
11 48 0.784876
11 49 0.911190
11 50 0.464976
11 51 0.460403
11 52 0.563983
11 53 0.723542
11 54 0.903840
11 55 0.645514
11 56 1.000000
11 57 0.942233
11 58 1.000000
11 59 0.551469
11 60 0.425670
11 61 0.958127
11 62 0.982739
11 63 1.000000
11 64 0.969449
11 65 0.428192
11 66 1.000000
11 67 1.000000
11 68 0.853512
11 69 0.493856
11 70 0.412506
11 71 0.482600
11 72 1.000000
11 73 0.777839
11 74 0.810930
11 75 0.824552
11 76 0.742500
11 77 0.741812
11 78 0.432503
11 79 0.726274
11 80 1.000000
11 81 0.601097
11 82 0.899208
11 83 1.000000
11 84 0.994985
11 85 0.559381
11 86 0.692058
11 87 1.000000
11 88 1.000000
11 89 1.000000
11 90 0.762111
11 91 0.404690
11 92 1.000000
11 93 1.000000
11 94 0.505974
11 95 0.902013
11 96 0.551099
11 97 0.519635
11 98 0.883295
11 99 1.000000
11 100 1.000000
11 101 0.992827
11 102 1.000000
11 103 1.000000
11 104 0.403761
11 105 0.464393
11 106 1.000000
11 107 0.869780
12 13 1.000000
12 14 0.938329
12 15 1.000000
12 16 0.473117
12 17 0.834348
12 18 0.457693
12 19 0.727419
12 20 0.319096
12 21 1.000000
12 22 1.000000
12 23 0.419978
12 24 0.289510
12 25 0.576098
12 26 0.910286
12 27 0.457155
12 28 0.430909
12 29 0.380488
12 30 0.366309
12 31 0.411607
12 32 0.523866
12 33 0.920296
12 34 0.931806
12 35 0.748858
12 36 0.763819
12 37 1.000000
12 38 0.635876
12 39 0.904482
12 40 1.000000
12 41 1.000000
12 42 1.000000
12 43 1.000000
12 44 1.000000
12 45 0.591583
12 46 0.683312
12 47 0.464402
12 48 0.746762
12 49 0.570321
12 50 1.000000
12 51 0.962906
12 52 0.913013
12 53 0.774531
12 54 0.610560
12 55 0.833933
12 56 0.394325
12 57 0.525410
12 58 0.351678
12 59 1.000000
12 60 1.000000
12 61 0.690535
12 62 0.446362
12 63 0.431656
12 64 0.529737
12 65 1.000000
12 66 0.329823
12 67 0.329916
12 68 0.644299
12 69 1.000000
12 70 1.000000
12 71 1.000000
12 72 0.281028
12 73 0.692001
12 74 0.720851
12 75 0.652095
12 76 0.737260
12 77 0.745458
12 78 1.000000
12 79 0.758885
12 80 0.363376
12 81 0.900273
12 82 0.576588
12 83 0.453017
12 84 0.475792
12 85 0.978020
12 86 0.782321
12 87 0.464928
12 88 0.342157
12 89 0.367931
12 90 0.725420
12 91 1.000000
12 92 0.427805
12 93 0.405117
12 94 1.000000
12 95 0.543719
12 96 0.961782
12 97 0.959884
12 98 0.882778
12 99 0.416277
12 100 0.385264
12 101 0.412674
12 102 0.466665
12 103 0.452171
12 104 1.000000
12 105 1.000000
12 106 0.369061
12 107 0.685445
13 14 0.664683
13 15 0.414956
13 16 0.961711
13 17 0.641231
13 18 0.947576
13 19 0.757391
13 20 1.000000
13 21 0.400154
13 22 0.383342
13 23 1.000000
13 24 1.000000
13 25 0.876603
13 26 0.560484
13 27 1.000000
13 28 1.000000
13 29 1.000000
13 30 1.000000
13 31 1.000000
13 32 0.902310
13 33 0.564938
13 34 0.539607
13 35 0.771186
13 36 0.869234
13 37 0.411862
13 38 0.800725
13 39 0.659994
13 40 0.334120
13 41 0.337699
13 42 0.352920
13 43 0.332410
13 44 0.352585
13 45 0.843861
13 46 0.786687
13 47 1.000000
13 48 0.800718
13 49 0.904578
13 50 0.405366
13 51 0.485544
13 52 0.610028
13 53 0.743481
13 54 0.902341
13 55 0.650509
13 56 1.000000
13 57 0.944151
13 58 1.000000
13 59 0.488063
13 60 0.369566
13 61 1.000000
13 62 1.000000
13 63 1.000000
13 64 0.901927
13 65 0.386721
13 66 1.000000
13 67 1.000000
13 68 0.864040
13 69 0.531225
13 70 0.376383
13 71 0.475717
13 72 1.000000
13 73 0.816188
13 74 0.799334
13 75 0.791129
13 76 0.689813
13 77 0.732737
13 78 0.375314
13 79 0.717583
13 80 1.000000
13 81 0.622170
13 82 0.891114
13 83 1.000000
13 84 1.000000
13 85 0.529859
13 86 0.695092
13 87 1.000000
13 88 1.000000
13 89 1.000000
13 90 0.748179
13 91 0.364966
13 92 1.000000
13 93 1.000000
13 94 0.545304
13 95 0.896206
13 96 0.576731
13 97 0.518567
13 98 0.841616
13 99 1.000000
13 100 1.000000
13 101 1.000000
13 102 0.985300
13 103 0.978701
13 104 0.313755
13 105 0.442942
13 106 0.983501
13 107 0.847038
14 15 0.711727
14 16 0.771241
14 17 0.778062
14 18 0.779284
14 19 0.864450
14 20 0.861538
14 21 0.658650
14 22 0.644841
14 23 0.917479
14 24 1.000000
14 25 0.659213
14 26 0.695697
14 27 0.741302
14 28 0.786943
14 29 0.853383
14 30 0.843051
14 31 0.782155
14 32 0.682686
14 33 0.804182
14 34 0.777031
14 35 0.799246
14 36 0.828062
14 37 0.666659
14 38 0.665658
14 39 0.517931
14 40 0.641309
14 41 0.649738
14 42 0.624639
14 43 0.679067
14 44 0.656893
14 45 0.662767
14 46 0.599074
14 47 0.735363
14 48 0.797884
14 49 0.634864
14 50 0.694054
14 51 0.734918
14 52 0.786765
14 53 0.872137
14 54 0.953823
14 55 0.753097
14 56 0.818540
14 57 0.682960
14 58 0.970009
14 59 0.729641
14 60 0.643199
14 61 0.883051
14 62 0.737821
14 63 0.764399
14 64 0.731655
14 65 0.627964
14 66 0.994658
14 67 1.000000
14 68 0.647531
14 69 0.689837
14 70 0.665823
14 71 0.655155
14 72 0.993389
14 73 0.868030
14 74 0.579386
14 75 0.577850
14 76 0.570195
14 77 0.553112
14 78 0.640986
14 79 0.494977
14 80 0.839736
14 81 0.791868
14 82 0.762233
14 83 0.849519
14 84 0.722683
14 85 0.752150
14 86 0.753185
14 87 0.824656
14 88 0.885172
14 89 0.850845
14 90 0.524880
14 91 0.671707
14 92 0.963064
14 93 0.778379
14 94 0.701779
14 95 0.621889
14 96 0.784171
14 97 0.775660
14 98 0.855553
14 99 0.816085
14 100 0.837855
14 101 0.781634
14 102 0.780936
14 103 0.796660
14 104 0.599202
14 105 0.660554
14 106 0.778722
14 107 0.712947
15 16 0.822052
15 17 0.572986
15 18 0.847401
15 19 0.639436
15 20 0.973948
15 21 0.492304
15 22 0.486434
15 23 1.000000
15 24 1.000000
15 25 0.851978
15 26 0.504798
15 27 1.000000
15 28 0.942429
15 29 0.961361
15 30 0.951109
15 31 0.998089
15 32 0.848472
15 33 0.475534
15 34 0.534131
15 35 0.715395
15 36 0.789876
15 37 0.408883
15 38 0.802317
15 39 0.722039
15 40 0.371555
15 41 0.435433
15 42 0.424913
15 43 0.411200
15 44 0.387940
15 45 0.856815
15 46 0.811684
15 47 0.980526
15 48 0.746349
15 49 0.850826
15 50 0.426140
15 51 0.494055
15 52 0.541935
15 53 0.638517
15 54 0.788827
15 55 0.526208
15 56 1.000000
15 57 0.937153
15 58 0.996165
15 59 0.527763
15 60 0.404537
15 61 1.000000
15 62 0.935839
15 63 0.985489
15 64 0.831619
15 65 0.453306
15 66 1.000000
15 67 1.000000
15 68 0.828718
15 69 0.534349
15 70 0.429473
15 71 0.520559
15 72 1.000000
15 73 0.691960
15 74 0.844639
15 75 0.834188
15 76 0.690194
15 77 0.733262
15 78 0.400934
15 79 0.757813
15 80 1.000000
15 81 0.580514
15 82 0.830110
15 83 1.000000
15 84 0.973531
15 85 0.464817
15 86 0.661354
15 87 1.000000
15 88 0.983448
15 89 1.000000
15 90 0.791552
15 91 0.398766
15 92 0.956729
15 93 0.941451
15 94 0.557024
15 95 0.898458
15 96 0.520155
15 97 0.474739
15 98 0.735514
15 99 0.937593
15 100 1.000000
15 101 0.968326
15 102 0.958136
15 103 0.961118
15 104 0.376965
15 105 0.458763
15 106 0.865309
15 107 0.860849
16 17 0.700942
16 18 0.458887
16 19 0.629463
16 20 0.424086
16 21 0.979923
16 22 0.976161
16 23 0.540256
16 24 0.536492
16 25 0.464353
16 26 0.759971
16 27 0.484923
16 28 0.383490
16 29 0.416497
16 30 0.429639
16 31 0.443396
16 32 0.434536
16 33 0.867550
16 34 0.846679
16 35 0.715162
16 36 0.743956
16 37 0.898964
16 38 0.586122
16 39 0.720842
16 40 0.966098
16 41 0.988154
16 42 0.919546
16 43 0.964061
16 44 0.947534
16 45 0.561375
16 46 0.553380
16 47 0.502005
16 48 0.658084
16 49 0.463966
16 50 0.906854
16 51 0.875744
16 52 0.863685
16 53 0.733750
16 54 0.653985
16 55 0.791859
16 56 0.457363
16 57 0.515507
16 58 0.548752
16 59 0.931996
16 60 0.899984
16 61 0.692671
16 62 0.403635
16 63 0.460786
16 64 0.517064
16 65 0.910147
16 66 0.551055
16 67 0.565613
16 68 0.606467
16 69 0.878616
16 70 0.939417
16 71 0.890234
16 72 0.483559
16 73 0.672911
16 74 0.615232
16 75 0.550748
16 76 0.612345
16 77 0.569052
16 78 0.895734
16 79 0.556466
16 80 0.457809
16 81 0.840121
16 82 0.569690
16 83 0.471435
16 84 0.452477
16 85 0.842685
16 86 0.660452
16 87 0.507120
16 88 0.446888
16 89 0.450719
16 90 0.568261
16 91 0.925159
16 92 0.482737
16 93 0.455230
16 94 0.892832
16 95 0.462606
16 96 0.853121
16 97 0.835047
16 98 0.768710
16 99 0.475636
16 100 0.458081
16 101 0.426879
16 102 0.407390
16 103 0.475227
16 104 0.861846
16 105 0.839008
16 106 0.404519
16 107 0.542348
17 18 0.652860
17 19 0.415998
17 20 0.739387
17 21 0.571510
17 22 0.578390
17 23 0.824033
17 24 0.889885
17 25 0.720622
17 26 0.491058
17 27 0.804295
17 28 0.738630
17 29 0.727585
17 30 0.736792
17 31 0.773611
17 32 0.668264
17 33 0.450544
17 34 0.468754
17 35 0.462390
17 36 0.589582
17 37 0.519107
17 38 0.653205
17 39 0.753202
17 40 0.540781
17 41 0.660260
17 42 0.613011
17 43 0.564516
17 44 0.543016
17 45 0.727644
17 46 0.722728
17 47 0.692394
17 48 0.501519
17 49 0.692795
17 50 0.577044
17 51 0.569727
17 52 0.495180
17 53 0.500159
17 54 0.612779
17 55 0.466290
17 56 0.788962
17 57 0.752902
17 58 0.870185
17 59 0.674894
17 60 0.577873
17 61 0.849779
17 62 0.669668
17 63 0.690771
17 64 0.725300
17 65 0.612189
17 66 0.889065
17 67 0.870809
17 68 0.648077
17 69 0.509807
17 70 0.586049
17 71 0.563524
17 72 0.843468
17 73 0.544194
17 74 0.764756
17 75 0.690979
17 76 0.722427
17 77 0.689442
17 78 0.613248
17 79 0.745542
17 80 0.784120
17 81 0.509440
17 82 0.676707
17 83 0.725932
17 84 0.713365
17 85 0.450591
17 86 0.402339
17 87 0.790229
17 88 0.806074
17 89 0.832901
17 90 0.668766
17 91 0.565935
17 92 0.677757
17 93 0.714270
17 94 0.553903
17 95 0.704903
17 96 0.497732
17 97 0.449378
17 98 0.799392
17 99 0.707751
17 100 0.795746
17 101 0.725222
17 102 0.789296
17 103 0.797972
17 104 0.525603
17 105 0.454526
17 106 0.755868
17 107 0.772294
18 19 0.665240
18 20 0.379803
18 21 0.904609
18 22 0.906854
18 23 0.490823
18 24 0.511936
18 25 0.517939
18 26 0.769809
18 27 0.469838
18 28 0.406664
18 29 0.447315
18 30 0.385036
18 31 0.425630
18 32 0.470763
18 33 0.766261
18 34 0.748655
18 35 0.642228
18 36 0.667798
18 37 0.870299
18 38 0.534611
18 39 0.763841
18 40 0.936177
18 41 0.982579
18 42 0.928831
18 43 0.953139
18 44 0.924703
18 45 0.513592
18 46 0.560513
18 47 0.410767
18 48 0.639340
18 49 0.492227
18 50 0.929365
18 51 0.867744
18 52 0.751616
18 53 0.738609
18 54 0.621265
18 55 0.697309
18 56 0.410046
18 57 0.473549
18 58 0.556643
18 59 0.919289
18 60 0.904047
18 61 0.720511
18 62 0.399347
18 63 0.357231
18 64 0.359009
18 65 0.890750
18 66 0.499791
18 67 0.508110
18 68 0.522313
18 69 0.792535
18 70 0.961286
18 71 0.832369
18 72 0.498423
18 73 0.672829
18 74 0.633197
18 75 0.549072
18 76 0.576088
18 77 0.584963
18 78 0.897706
18 79 0.626156
18 80 0.381311
18 81 0.807056
18 82 0.507380
18 83 0.408175
18 84 0.445156
18 85 0.775254
18 86 0.675454
18 87 0.505543
18 88 0.384396
18 89 0.420318
18 90 0.587542
18 91 0.928362
18 92 0.574400
18 93 0.371155
18 94 0.809796
18 95 0.503591
18 96 0.770282
18 97 0.765264
18 98 0.906315
18 99 0.411728
18 100 0.456804
18 101 0.429494
18 102 0.456143
18 103 0.486654
18 104 0.851486
18 105 0.861606
18 106 0.374483
18 107 0.639011
19 20 0.610697
19 21 0.680130
19 22 0.724402
19 23 0.766566
19 24 0.772392
19 25 0.725761
19 26 0.549125
19 27 0.709864
19 28 0.661311
19 29 0.649586
19 30 0.630098
19 31 0.727814
19 32 0.647357
19 33 0.552247
19 34 0.552493
19 35 0.431192
19 36 0.550408
19 37 0.650904
19 38 0.697410
19 39 0.811774
19 40 0.698117
19 41 0.820920
19 42 0.746385
19 43 0.731560
19 44 0.706125
19 45 0.737642
19 46 0.744110
19 47 0.669210
19 48 0.492505
19 49 0.701682
19 50 0.680063
19 51 0.617506
19 52 0.609200
19 53 0.467853
19 54 0.567928
19 55 0.544736
19 56 0.706158
19 57 0.706093
19 58 0.735107
19 59 0.767428
19 60 0.694210
19 61 0.857835
19 62 0.663323
19 63 0.669063
19 64 0.735322
19 65 0.748803
19 66 0.745397
19 67 0.713191
19 68 0.682728
19 69 0.622350
19 70 0.753433
19 71 0.624571
19 72 0.678802
19 73 0.455167
19 74 0.828503
19 75 0.752149
19 76 0.776227
19 77 0.747903
19 78 0.718274
19 79 0.764333
19 80 0.675622
19 81 0.552987
19 82 0.691648
19 83 0.660250
19 84 0.685110
19 85 0.559870
19 86 0.456963
19 87 0.726515
19 88 0.695166
19 89 0.729586
19 90 0.736630
19 91 0.666644
19 92 0.580181
19 93 0.610718
19 94 0.648815
19 95 0.723006
19 96 0.583279
19 97 0.522551
19 98 0.723431
19 99 0.662242
19 100 0.706547
19 101 0.680858
19 102 0.663276
19 103 0.670022
19 104 0.736383
19 105 0.646675
19 106 0.592474
19 107 0.717443
20 21 1.000000
20 22 1.000000
20 23 0.367470
20 24 0.351629
20 25 0.491400
20 26 0.842895
20 27 0.385481
20 28 0.341002
20 29 0.376321
20 30 0.343829
20 31 0.338970
20 32 0.432239
20 33 0.860507
20 34 0.836252
20 35 0.638435
20 36 0.643540
20 37 0.991872
20 38 0.605412
20 39 0.839449
20 40 1.000000
20 41 1.000000
20 42 1.000000
20 43 1.000000
20 44 1.000000
20 45 0.537244
20 46 0.615290
20 47 0.367873
20 48 0.627051
20 49 0.460942
20 50 1.000000
20 51 0.955611
20 52 0.877524
20 53 0.727803
20 54 0.602252
20 55 0.818593
20 56 0.321678
20 57 0.414299
20 58 0.418412
20 59 1.000000
20 60 1.000000
20 61 0.625563
20 62 0.342128
20 63 0.278949
20 64 0.421268
20 65 1.000000
20 66 0.353681
20 67 0.362387
20 68 0.536374
20 69 0.919799
20 70 1.000000
20 71 0.930287
20 72 0.322106
20 73 0.651272
20 74 0.629519
20 75 0.563815
20 76 0.678479
20 77 0.655119
20 78 1.000000
20 79 0.660585
20 80 0.297360
20 81 0.876422
20 82 0.522460
20 83 0.334584
20 84 0.348489
20 85 0.884353
20 86 0.688893
20 87 0.380821
20 88 0.338133
20 89 0.310819
20 90 0.595755
20 91 1.000000
20 92 0.434608
20 93 0.302034
20 94 0.940125
20 95 0.452218
20 96 0.866749
20 97 0.879862
20 98 0.860013
20 99 0.321013
20 100 0.338000
20 101 0.330480
20 102 0.322577
20 103 0.345146
20 104 1.000000
20 105 0.972265
20 106 0.306422
20 107 0.636374
21 22 0.290628
21 23 1.000000
21 24 1.000000
21 25 0.836953
21 26 0.508662
21 27 1.000000
21 28 0.980085
21 29 1.000000
21 30 1.000000
21 31 0.968585
21 32 0.881427
21 33 0.464433
21 34 0.488388
21 35 0.651030
21 36 0.757193
21 37 0.441776
21 38 0.772981
21 39 0.670360
21 40 0.341263
21 41 0.428591
21 42 0.411990
21 43 0.410995
21 44 0.377257
21 45 0.806833
21 46 0.780985
21 47 0.898510
21 48 0.699373
21 49 0.850192
21 50 0.419022
21 51 0.496465
21 52 0.546438
21 53 0.716368
21 54 0.870689
21 55 0.589844
21 56 0.985583
21 57 0.893424
21 58 1.000000
21 59 0.522743
21 60 0.445371
21 61 1.000000
21 62 0.927237
21 63 0.989569
21 64 0.854895
21 65 0.431172
21 66 1.000000
21 67 1.000000
21 68 0.753387
21 69 0.465281
21 70 0.450672
21 71 0.454643
21 72 1.000000
21 73 0.726922
21 74 0.799310
21 75 0.740373
21 76 0.687531
21 77 0.719428
21 78 0.453342
21 79 0.720398
21 80 1.000000
21 81 0.548855
21 82 0.893728
21 83 1.000000
21 84 0.912616
21 85 0.464733
21 86 0.609475
21 87 0.990933
21 88 1.000000
21 89 1.000000
21 90 0.763339
21 91 0.422841
21 92 1.000000
21 93 0.962605
21 94 0.471320
21 95 0.847129
21 96 0.504477
21 97 0.450180
21 98 0.910136
21 99 0.975277
21 100 1.000000
21 101 0.955912
21 102 0.942173
21 103 0.953596
21 104 0.403333
21 105 0.388463
21 106 0.901535
21 107 0.836680
22 23 1.000000
22 24 1.000000
22 25 0.844384
22 26 0.522443
22 27 1.000000
22 28 0.985301
22 29 1.000000
22 30 1.000000
22 31 0.974904
22 32 0.851472
22 33 0.459232
22 34 0.500149
22 35 0.681067
22 36 0.747437
22 37 0.417000
22 38 0.774289
22 39 0.660572
22 40 0.292521
22 41 0.363707
22 42 0.387355
22 43 0.331027
22 44 0.329978
22 45 0.800474
22 46 0.758554
22 47 0.909507
22 48 0.719874
22 49 0.868712
22 50 0.411762
22 51 0.433693
22 52 0.502086
22 53 0.700998
22 54 0.841794
22 55 0.598724
22 56 0.994712
22 57 0.885854
22 58 1.000000
22 59 0.532847
22 60 0.417507
22 61 1.000000
22 62 0.944352
22 63 0.981911
22 64 0.876473
22 65 0.418648
22 66 1.000000
22 67 1.000000
22 68 0.749571
22 69 0.418293
22 70 0.421695
22 71 0.433562
22 72 1.000000
22 73 0.744931
22 74 0.752720
22 75 0.715644
22 76 0.674271
22 77 0.712675
22 78 0.396784
22 79 0.704356
22 80 1.000000
22 81 0.584006
22 82 0.840924
22 83 0.989724
22 84 0.926308
22 85 0.476251
22 86 0.620049
22 87 1.000000
22 88 1.000000
22 89 1.000000
22 90 0.711715
22 91 0.382183
22 92 1.000000
22 93 0.994214
22 94 0.479176
22 95 0.824158
22 96 0.476269
22 97 0.457892
22 98 0.895038
22 99 1.000000
22 100 1.000000
22 101 0.977146
22 102 0.973474
22 103 0.985914
22 104 0.352380
22 105 0.328556
22 106 0.932228
22 107 0.803142
23 24 0.254767
23 25 0.595166
23 26 0.928614
23 27 0.488795
23 28 0.420601
23 29 0.469680
23 30 0.423984
23 31 0.398401
23 32 0.524730
23 33 0.953692
23 34 0.896540
23 35 0.703464
23 36 0.688381
23 37 1.000000
23 38 0.651559
23 39 0.874488
23 40 1.000000
23 41 1.000000
23 42 1.000000
23 43 1.000000
23 44 1.000000
23 45 0.601240
23 46 0.675966
23 47 0.429351
23 48 0.653805
23 49 0.535894
23 50 1.000000
23 51 1.000000
23 52 0.924249
23 53 0.791537
23 54 0.688060
23 55 0.933642
23 56 0.350681
23 57 0.475653
23 58 0.486376
23 59 1.000000
23 60 1.000000
23 61 0.711645
23 62 0.394548
23 63 0.422282
23 64 0.522167
23 65 1.000000
23 66 0.372277
23 67 0.407962
23 68 0.556889
23 69 0.957725
23 70 1.000000
23 71 1.000000
23 72 0.402510
23 73 0.756703
23 74 0.656763
23 75 0.621388
23 76 0.736624
23 77 0.729670
23 78 1.000000
23 79 0.707712
23 80 0.337734
23 81 0.889542
23 82 0.594379
23 83 0.356687
23 84 0.404806
23 85 0.978353
23 86 0.773749
23 87 0.382404
23 88 0.376680
23 89 0.344353
23 90 0.677743
23 91 1.000000
23 92 0.524909
23 93 0.385972
23 94 1.000000
23 95 0.504812
23 96 0.942477
23 97 0.966401
23 98 0.976211
23 99 0.448003
23 100 0.329524
23 101 0.413936
23 102 0.367918
23 103 0.383855
23 104 1.000000
23 105 1.000000
23 106 0.458119
23 107 0.658503
24 25 0.625273
24 26 0.973180
24 27 0.486987
24 28 0.448919
24 29 0.434361
24 30 0.415306
24 31 0.431173
24 32 0.593480
24 33 1.000000
24 34 0.968558
24 35 0.752815
24 36 0.738524
24 37 1.000000
24 38 0.721154
24 39 0.953768
24 40 1.000000
24 41 1.000000
24 42 1.000000
24 43 1.000000
24 44 1.000000
24 45 0.665282
24 46 0.755502
24 47 0.484307
24 48 0.742255
24 49 0.593368
24 50 1.000000
24 51 1.000000
24 52 0.964033
24 53 0.788431
24 54 0.647923
24 55 0.919331
24 56 0.381217
24 57 0.531714
24 58 0.374472
24 59 1.000000
24 60 1.000000
24 61 0.691290
24 62 0.463855
24 63 0.435080
24 64 0.559588
24 65 1.000000
24 66 0.269359
24 67 0.274642
24 68 0.646154
24 69 1.000000
24 70 1.000000
24 71 1.000000
24 72 0.321484
24 73 0.744131
24 74 0.773204
24 75 0.692898
24 76 0.802363
24 77 0.802313
24 78 1.000000
24 79 0.786891
24 80 0.356169
24 81 0.952056
24 82 0.610357
24 83 0.404392
24 84 0.481359
24 85 1.000000
24 86 0.806235
24 87 0.416347
24 88 0.333933
24 89 0.332235
24 90 0.759757
24 91 1.000000
24 92 0.418561
24 93 0.403198
24 94 1.000000
24 95 0.572424
24 96 1.000000
24 97 1.000000
24 98 0.974924
24 99 0.454807
24 100 0.344307
24 101 0.432425
24 102 0.435077
24 103 0.474493
24 104 1.000000
24 105 1.000000
24 106 0.472405
24 107 0.763970
25 26 0.660148
25 27 0.472294
25 28 0.393251
25 29 0.535015
25 30 0.487754
25 31 0.470310
25 32 0.430819
25 33 0.884091
25 34 0.828077
25 35 0.704916
25 36 0.713884
25 37 0.844473
25 38 0.504619
25 39 0.599924
25 40 0.884461
25 41 0.910158
25 42 0.813019
25 43 0.884790
25 44 0.883834
25 45 0.443286
25 46 0.475009
25 47 0.454156
25 48 0.645031
25 49 0.417843
25 50 0.865756
25 51 0.835906
25 52 0.850831
25 53 0.816930
25 54 0.824309
25 55 0.873474
25 56 0.469505
25 57 0.446461
25 58 0.627532
25 59 0.917160
25 60 0.795326
25 61 0.637398
25 62 0.434213
25 63 0.460235
25 64 0.484223
25 65 0.811964
25 66 0.642759
25 67 0.682982
25 68 0.523981
25 69 0.826959
25 70 0.899832
25 71 0.763700
25 72 0.610836
25 73 0.753600
25 74 0.499835
25 75 0.434271
25 76 0.485402
25 77 0.490369
25 78 0.824147
25 79 0.413647
25 80 0.468982
25 81 0.808948
25 82 0.619254
25 83 0.518769
25 84 0.400263
25 85 0.849454
25 86 0.689791
25 87 0.507911
25 88 0.543248
25 89 0.522066
25 90 0.462077
25 91 0.847516
25 92 0.634791
25 93 0.478727
25 94 0.837272
25 95 0.398392
25 96 0.903516
25 97 0.862865
25 98 0.849829
25 99 0.498207
25 100 0.502049
25 101 0.428977
25 102 0.517634
25 103 0.488501
25 104 0.770421
25 105 0.714874
25 106 0.476217
25 107 0.511530
26 27 0.838276
26 28 0.761912
26 29 0.784260
26 30 0.766847
26 31 0.836808
26 32 0.746254
26 33 0.460826
26 34 0.479910
26 35 0.569979
26 36 0.640810
26 37 0.457850
26 38 0.719947
26 39 0.692798
26 40 0.489843
26 41 0.579717
26 42 0.535074
26 43 0.494605
26 44 0.474252
26 45 0.706758
26 46 0.691398
26 47 0.792444
26 48 0.581091
26 49 0.720915
26 50 0.479922
26 51 0.527276
26 52 0.518890
26 53 0.546063
26 54 0.641810
26 55 0.465972
26 56 0.855119
26 57 0.785680
26 58 0.885115
26 59 0.631016
26 60 0.524787
26 61 0.937158
26 62 0.759318
26 63 0.779777
26 64 0.719643
26 65 0.528013
26 66 0.960572
26 67 0.957256
26 68 0.658565
26 69 0.468678
26 70 0.557936
26 71 0.459074
26 72 0.905565
26 73 0.569083
26 74 0.747855
26 75 0.695596
26 76 0.608873
26 77 0.641427
26 78 0.519541
26 79 0.685911
26 80 0.868902
26 81 0.556434
26 82 0.746308
26 83 0.797972
26 84 0.803842
26 85 0.450717
26 86 0.496581
26 87 0.887132
26 88 0.880528
26 89 0.898355
26 90 0.680058
26 91 0.496919
26 92 0.785517
26 93 0.804101
26 94 0.509162
26 95 0.751373
26 96 0.510328
26 97 0.460208
26 98 0.762385
26 99 0.785641
26 100 0.869585
26 101 0.790751
26 102 0.785393
26 103 0.787898
26 104 0.593867
26 105 0.471328
26 106 0.788006
26 107 0.733184
27 28 0.283478
27 29 0.471611
27 30 0.401294
27 31 0.391468
27 32 0.470733
27 33 0.974206
27 34 0.900202
27 35 0.721623
27 36 0.672562
27 37 1.000000
27 38 0.614430
27 39 0.775351
27 40 1.000000
27 41 1.000000
27 42 1.000000
27 43 1.000000
27 44 1.000000
27 45 0.508336
27 46 0.588221
27 47 0.427177
27 48 0.712657
27 49 0.452070
27 50 1.000000
27 51 1.000000
27 52 0.944721
27 53 0.821048
27 54 0.748410
27 55 0.915277
27 56 0.393643
27 57 0.456079
27 58 0.528481
27 59 1.000000
27 60 1.000000
27 61 0.615063
27 62 0.410875
27 63 0.438333
27 64 0.467833
27 65 1.000000
27 66 0.515600
27 67 0.567326
27 68 0.582722
27 69 1.000000
27 70 1.000000
27 71 0.924725
27 72 0.490475
27 73 0.759592
27 74 0.625197
27 75 0.525925
27 76 0.676208
27 77 0.635969
27 78 1.000000
27 79 0.590934
27 80 0.363063
27 81 0.894827
27 82 0.653141
27 83 0.459612
27 84 0.384550
27 85 0.970261
27 86 0.761682
27 87 0.448129
27 88 0.440125
27 89 0.387602
27 90 0.584239
27 91 1.000000
27 92 0.530565
27 93 0.388906
27 94 0.968219
27 95 0.433519
27 96 0.949501
27 97 0.943907
27 98 0.780454
27 99 0.435559
27 100 0.419542
27 101 0.398396
27 102 0.388030
27 103 0.400133
27 104 0.984239
27 105 0.954932
27 106 0.422535
27 107 0.623177
28 29 0.403846
28 30 0.335970
28 31 0.298174
28 32 0.379373
28 33 0.912414
28 34 0.843408
28 35 0.688895
28 36 0.676347
28 37 0.957671
28 38 0.549110
28 39 0.693002
28 40 1.000000
28 41 1.000000
28 42 0.977105
28 43 1.000000
28 44 1.000000
28 45 0.440346
28 46 0.479610
28 47 0.358542
28 48 0.615157
28 49 0.338511
28 50 0.981521
28 51 0.965141
28 52 0.912175
28 53 0.795011
28 54 0.712729
28 55 0.850340
28 56 0.284898
28 57 0.374569
28 58 0.514215
28 59 0.990756
28 60 0.959936
28 61 0.591523
28 62 0.310713
28 63 0.352147
28 64 0.403719
28 65 0.946139
28 66 0.470641
28 67 0.505890
28 68 0.519471
28 69 0.945725
28 70 1.000000
28 71 0.861861
28 72 0.464761
28 73 0.756509
28 74 0.564643
28 75 0.459342
28 76 0.586378
28 77 0.520548
28 78 0.944841
28 79 0.486207
28 80 0.293543
28 81 0.865339
28 82 0.574450
28 83 0.370478
28 84 0.271659
28 85 0.889260
28 86 0.674790
28 87 0.351614
28 88 0.367195
28 89 0.339344
28 90 0.476444
28 91 1.000000
28 92 0.488606
28 93 0.354305
28 94 0.899445
28 95 0.342183
28 96 0.897706
28 97 0.892160
28 98 0.863088
28 99 0.378845
28 100 0.327439
28 101 0.324527
28 102 0.302411
28 103 0.306363
28 104 0.893321
28 105 0.891762
28 106 0.370585
28 107 0.505815
29 30 0.274590
29 31 0.406611
29 32 0.443449
29 33 0.817093
29 34 0.819341
29 35 0.668166
29 36 0.678553
29 37 0.939545
29 38 0.609165
29 39 0.833921
29 40 1.000000
29 41 1.000000
29 42 1.000000
29 43 1.000000
29 44 1.000000
29 45 0.531162
29 46 0.555150
29 47 0.441130
29 48 0.621123
29 49 0.463246
29 50 0.953427
29 51 0.833592
29 52 0.778584
29 53 0.651211
29 54 0.552510
29 55 0.791016
29 56 0.398210
29 57 0.521941
29 58 0.467230
29 59 1.000000
29 60 1.000000
29 61 0.686285
29 62 0.385481
29 63 0.382819
29 64 0.521002
29 65 1.000000
29 66 0.434817
29 67 0.414649
29 68 0.496144
29 69 0.821359
29 70 1.000000
29 71 0.937999
29 72 0.379546
29 73 0.589034
29 74 0.645393
29 75 0.610545
29 76 0.672659
29 77 0.643339
29 78 1.000000
29 79 0.671040
29 80 0.353331
29 81 0.859012
29 82 0.425916
29 83 0.344135
29 84 0.453699
29 85 0.819824
29 86 0.687926
29 87 0.487035
29 88 0.396372
29 89 0.440769
29 90 0.598302
29 91 0.964424
29 92 0.445117
29 93 0.368480
29 94 0.934558
29 95 0.493502
29 96 0.811918
29 97 0.844865
29 98 0.761651
29 99 0.395558
29 100 0.429119
29 101 0.377565
29 102 0.466667
29 103 0.428131
29 104 0.940756
29 105 0.861645
29 106 0.416383
29 107 0.641198
30 31 0.382146
30 32 0.420715
30 33 0.841599
30 34 0.841427
30 35 0.678493
30 36 0.668250
30 37 0.961390
30 38 0.545367
30 39 0.777607
30 40 1.000000
30 41 1.000000
30 42 1.000000
30 43 1.000000
30 44 1.000000
30 45 0.488850
30 46 0.550845
30 47 0.387822
30 48 0.620457
30 49 0.455525
30 50 0.985098
30 51 0.896195
30 52 0.814969
30 53 0.676470
30 54 0.582613
30 55 0.789025
30 56 0.353002
30 57 0.468980
30 58 0.467208
30 59 1.000000
30 60 0.998060
30 61 0.661040
30 62 0.355258
30 63 0.350565
30 64 0.438310
30 65 0.989568
30 66 0.420275
30 67 0.428858
30 68 0.494710
30 69 0.854734
30 70 1.000000
30 71 0.901744
30 72 0.391350
30 73 0.657875
30 74 0.634670
30 75 0.563520
30 76 0.659376
30 77 0.644310
30 78 1.000000
30 79 0.623281
30 80 0.316583
30 81 0.824843
30 82 0.477490
30 83 0.328222
30 84 0.416904
30 85 0.850928
30 86 0.692888
30 87 0.430061
30 88 0.353372
30 89 0.376342
30 90 0.592046
30 91 0.992903
30 92 0.479233
30 93 0.344068
30 94 0.913089
30 95 0.474937
30 96 0.832944
30 97 0.855053
30 98 0.856394
30 99 0.355706
30 100 0.396803
30 101 0.360791
30 102 0.411117
30 103 0.428207
30 104 1.000000
30 105 0.889737
30 106 0.373442
30 107 0.650734
31 32 0.395992
31 33 0.897952
31 34 0.833894
31 35 0.672049
31 36 0.661005
31 37 1.000000
31 38 0.565054
31 39 0.725234
31 40 1.000000
31 41 1.000000
31 42 1.000000
31 43 1.000000
31 44 1.000000
31 45 0.490069
31 46 0.523425
31 47 0.345803
31 48 0.644906
31 49 0.371835
31 50 1.000000
31 51 0.942338
31 52 0.895030
31 53 0.828421
31 54 0.726574
31 55 0.881014
31 56 0.270296
31 57 0.400309
31 58 0.514652
31 59 1.000000
31 60 0.991676
31 61 0.593439
31 62 0.284878
31 63 0.340476
31 64 0.390775
31 65 1.000000
31 66 0.468890
31 67 0.507481
31 68 0.485049
31 69 0.910804
31 70 1.000000
31 71 0.934223
31 72 0.484833
31 73 0.722992
31 74 0.562932
31 75 0.478433
31 76 0.595375
31 77 0.563131
31 78 1.000000
31 79 0.553873
31 80 0.301886
31 81 0.870606
31 82 0.544458
31 83 0.361127
31 84 0.248819
31 85 0.901802
31 86 0.689409
31 87 0.347804
31 88 0.395480
31 89 0.346080
31 90 0.502017
31 91 1.000000
31 92 0.559776
31 93 0.340445
31 94 0.913216
31 95 0.368128
31 96 0.897626
31 97 0.906394
31 98 0.913065
31 99 0.380848
31 100 0.309922
31 101 0.322426
31 102 0.364237
31 103 0.346765
31 104 0.974822
31 105 0.930177
31 106 0.381250
31 107 0.547312
32 33 0.815236
32 34 0.780254
32 35 0.677176
32 36 0.712505
32 37 0.827534
32 38 0.526398
32 39 0.642273
32 40 0.881515
32 41 0.908576
32 42 0.842663
32 43 0.913677
32 44 0.879732
32 45 0.449804
32 46 0.452885
32 47 0.440612
32 48 0.622491
32 49 0.373208
32 50 0.865491
32 51 0.801632
32 52 0.786468
32 53 0.752393
32 54 0.712281
32 55 0.787318
32 56 0.451788
32 57 0.443497
32 58 0.606095
32 59 0.906773
32 60 0.839293
32 61 0.624089
32 62 0.376462
32 63 0.412736
32 64 0.489657
32 65 0.854885
32 66 0.612348
32 67 0.628777
32 68 0.436158
32 69 0.758777
32 70 0.898786
32 71 0.810771
32 72 0.527373
32 73 0.675219
32 74 0.470573
32 75 0.442989
32 76 0.536860
32 77 0.493869
32 78 0.830788
32 79 0.477288
32 80 0.429464
32 81 0.805754
32 82 0.480440
32 83 0.429357
32 84 0.381447
32 85 0.780971
32 86 0.644459
32 87 0.472116
32 88 0.485587
32 89 0.493815
32 90 0.456886
32 91 0.849318
32 92 0.568606
32 93 0.425657
32 94 0.795896
32 95 0.337406
32 96 0.808097
32 97 0.794947
32 98 0.816611
32 99 0.443652
32 100 0.435628
32 101 0.362658
32 102 0.481643
32 103 0.481609
32 104 0.778306
32 105 0.732998
32 106 0.437096
32 107 0.512062
33 34 0.332391
33 35 0.489047
33 36 0.621246
33 37 0.467624
33 38 0.787322
33 39 0.785911
33 40 0.453501
33 41 0.563650
33 42 0.577938
33 43 0.504894
33 44 0.439062
33 45 0.852718
33 46 0.779919
33 47 0.811914
33 48 0.562021
33 49 0.825261
33 50 0.441527
33 51 0.465110
33 52 0.382426
33 53 0.491422
33 54 0.606470
33 55 0.397505
33 56 0.921064
33 57 0.922158
33 58 0.968394
33 59 0.613818
33 60 0.529953
33 61 1.000000
33 62 0.829524
33 63 0.817071
33 64 0.775245
33 65 0.572039
33 66 0.955668
33 67 0.936148
33 68 0.698176
33 69 0.388344
33 70 0.567501
33 71 0.534134
33 72 0.946080
33 73 0.522960
33 74 0.837974
33 75 0.820778
33 76 0.749909
33 77 0.780297
33 78 0.530379
33 79 0.860979
33 80 0.914223
33 81 0.485786
33 82 0.690489
33 83 0.818923
33 84 0.880619
33 85 0.341158
33 86 0.492800
33 87 0.964504
33 88 0.917532
33 89 0.962904
33 90 0.795820
33 91 0.475284
33 92 0.833332
33 93 0.838891
33 94 0.506830
33 95 0.858423
33 96 0.304510
33 97 0.353538
33 98 0.802595
33 99 0.828085
33 100 0.955415
33 101 0.873433
33 102 0.939530
33 103 0.917570
33 104 0.512613
33 105 0.475871
33 106 0.827721
33 107 0.899166
34 35 0.486903
34 36 0.579388
34 37 0.520903
34 38 0.769782
34 39 0.753740
34 40 0.510334
34 41 0.626581
34 42 0.591111
34 43 0.538155
34 44 0.511551
34 45 0.815087
34 46 0.769282
34 47 0.740803
34 48 0.554216
34 49 0.772405
34 50 0.520182
34 51 0.516371
34 52 0.474274
34 53 0.553315
34 54 0.655449
34 55 0.441710
34 56 0.853380
34 57 0.857744
34 58 0.947912
34 59 0.624608
34 60 0.565438
34 61 0.946210
34 62 0.798657
34 63 0.818453
34 64 0.739798
34 65 0.582522
34 66 0.928895
34 67 0.936808
34 68 0.683205
34 69 0.441989
34 70 0.615014
34 71 0.535000
34 72 0.936064
34 73 0.572434
34 74 0.813824
34 75 0.761714
34 76 0.723074
34 77 0.736313
34 78 0.551473
34 79 0.802127
34 80 0.862271
34 81 0.506595
34 82 0.723121
34 83 0.784987
34 84 0.791547
34 85 0.382879
34 86 0.537173
34 87 0.896406
34 88 0.884577
34 89 0.895732
34 90 0.732753
34 91 0.524852
34 92 0.851041
34 93 0.824975
34 94 0.527870
34 95 0.781575
34 96 0.411287
34 97 0.430163
34 98 0.824246
34 99 0.824217
34 100 0.886852
34 101 0.824857
34 102 0.892477
34 103 0.848025
34 104 0.572420
34 105 0.504855
34 106 0.842023
34 107 0.843199
35 36 0.403411
35 37 0.694456
35 38 0.747975
35 39 0.810147
35 40 0.721716
35 41 0.820727
35 42 0.780807
35 43 0.751974
35 44 0.733355
35 45 0.722872
35 46 0.723786
35 47 0.599348
35 48 0.448680
35 49 0.645973
35 50 0.687886
35 51 0.649804
35 52 0.575910
35 53 0.517374
35 54 0.601913
35 55 0.546147
35 56 0.656584
35 57 0.733699
35 58 0.799210
35 59 0.779854
35 60 0.756272
35 61 0.894787
35 62 0.602602
35 63 0.612497
35 64 0.656896
35 65 0.778570
35 66 0.729414
35 67 0.749691
35 68 0.617439
35 69 0.593418
35 70 0.814604
35 71 0.659008
35 72 0.742303
35 73 0.491895
35 74 0.785779
35 75 0.698795
35 76 0.750635
35 77 0.741517
35 78 0.771979
35 79 0.787089
35 80 0.673557
35 81 0.548895
35 82 0.661629
35 83 0.615238
35 84 0.635889
35 85 0.537054
35 86 0.435773
35 87 0.690467
35 88 0.685032
35 89 0.695636
35 90 0.706998
35 91 0.728869
35 92 0.648061
35 93 0.635314
35 94 0.614324
35 95 0.676562
35 96 0.552747
35 97 0.559872
35 98 0.805983
35 99 0.645950
35 100 0.682613
35 101 0.663962
35 102 0.684953
35 103 0.717332
35 104 0.729434
35 105 0.633166
35 106 0.681769
35 107 0.752903
36 37 0.769046
36 38 0.761387
36 39 0.819331
36 40 0.799932
36 41 0.877187
36 42 0.850806
36 43 0.825802
36 44 0.811521
36 45 0.752602
36 46 0.746514
36 47 0.617792
36 48 0.454138
36 49 0.656652
36 50 0.787027
36 51 0.747455
36 52 0.661977
36 53 0.614691
36 54 0.629349
36 55 0.598311
36 56 0.660562
36 57 0.719673
36 58 0.798002
36 59 0.879947
36 60 0.810170
36 61 0.892133
36 62 0.636426
36 63 0.607264
36 64 0.658629
36 65 0.818037
36 66 0.720488
36 67 0.726972
36 68 0.618220
36 69 0.646579
36 70 0.883756
36 71 0.721060
36 72 0.736990
36 73 0.565927
36 74 0.809171
36 75 0.702968
36 76 0.763756
36 77 0.754443
36 78 0.804993
36 79 0.791488
36 80 0.640882
36 81 0.638614
36 82 0.695313
36 83 0.617792
36 84 0.652455
36 85 0.638253
36 86 0.507922
36 87 0.705782
36 88 0.680876
36 89 0.698946
36 90 0.737378
36 91 0.808602
36 92 0.603984
36 93 0.610882
36 94 0.702560
36 95 0.694874
36 96 0.610985
36 97 0.643676
36 98 0.859339
36 99 0.661111
36 100 0.677826
36 101 0.677956
36 102 0.712391
36 103 0.693577
36 104 0.804947
36 105 0.718026
36 106 0.684865
36 107 0.769634
37 38 0.639501
37 39 0.672750
37 40 0.330662
37 41 0.409094
37 42 0.435473
37 43 0.356575
37 44 0.293210
37 45 0.807544
37 46 0.707166
37 47 0.952097
37 48 0.721978
37 49 0.857634
37 50 0.368148
37 51 0.405253
37 52 0.480742
37 53 0.632325
37 54 0.768855
37 55 0.499815
37 56 1.000000
37 57 0.908182
37 58 1.000000
37 59 0.524223
37 60 0.361080
37 61 1.000000
37 62 0.943885
37 63 0.967138
37 64 0.850075
37 65 0.424087
37 66 1.000000
37 67 1.000000
37 68 0.805495
37 69 0.449701
37 70 0.404604
37 71 0.489981
37 72 1.000000
37 73 0.681027
37 74 0.775201
37 75 0.757178
37 76 0.664070
37 77 0.679515
37 78 0.403008
37 79 0.690659
37 80 1.000000
37 81 0.574897
37 82 0.774978
37 83 0.988739
37 84 0.980309
37 85 0.431699
37 86 0.616979
37 87 1.000000
37 88 1.000000
37 89 1.000000
37 90 0.704971
37 91 0.351698
37 92 0.947983
37 93 0.960551
37 94 0.504974
37 95 0.875888
37 96 0.496726
37 97 0.441464
37 98 0.768887
37 99 0.919799
37 100 1.000000
37 101 0.957387
37 102 0.952527
37 103 0.976958
37 104 0.373740
37 105 0.411672
37 106 0.902547
37 107 0.842646
38 39 0.623542
38 40 0.777845
38 41 0.788719
38 42 0.762316
38 43 0.740284
38 44 0.747284
38 45 0.476252
38 46 0.509720
38 47 0.517293
38 48 0.687558
38 49 0.525200
38 50 0.814517
38 51 0.733902
38 52 0.799357
38 53 0.765759
38 54 0.792705
38 55 0.814463
38 56 0.576731
38 57 0.453915
38 58 0.675047
38 59 0.850596
38 60 0.683484
38 61 0.685377
38 62 0.532290
38 63 0.528771
38 64 0.523285
38 65 0.727858
38 66 0.690388
38 67 0.729298
38 68 0.551348
38 69 0.752367
38 70 0.755345
38 71 0.714645
38 72 0.690958
38 73 0.785001
38 74 0.564045
38 75 0.476617
38 76 0.490148
38 77 0.488490
38 78 0.758209
38 79 0.506355
38 80 0.574043
38 81 0.770407
38 82 0.591620
38 83 0.595025
38 84 0.537322
38 85 0.762407
38 86 0.696526
38 87 0.617688
38 88 0.608477
38 89 0.616572
38 90 0.467117
38 91 0.766867
38 92 0.672726
38 93 0.539454
38 94 0.754369
38 95 0.483861
38 96 0.778517
38 97 0.749568
38 98 0.969870
38 99 0.542339
38 100 0.586410
38 101 0.505795
38 102 0.646520
38 103 0.668966
38 104 0.629273
38 105 0.631313
38 106 0.630309
38 107 0.692818
39 40 0.649308
39 41 0.648364
39 42 0.615154
39 43 0.694159
39 44 0.683908
39 45 0.633048
39 46 0.549613
39 47 0.700780
39 48 0.765185
39 49 0.564104
39 50 0.691840
39 51 0.733899
39 52 0.818569
39 53 0.911756
39 54 0.968785
39 55 0.804545
39 56 0.759973
39 57 0.618797
39 58 0.943910
39 59 0.746097
39 60 0.611436
39 61 0.785943
39 62 0.703322
39 63 0.752438
39 64 0.674432
39 65 0.596460
39 66 0.977657
39 67 1.000000
39 68 0.631030
39 69 0.678766
39 70 0.661150
39 71 0.673106
39 72 0.949728
39 73 0.881888
39 74 0.547970
39 75 0.531860
39 76 0.534106
39 77 0.467184
39 78 0.612284
39 79 0.414954
39 80 0.784226
39 81 0.794123
39 82 0.774107
39 83 0.813806
39 84 0.666252
39 85 0.769740
39 86 0.727488
39 87 0.759659
39 88 0.832417
39 89 0.825233
39 90 0.468879
39 91 0.665062
39 92 0.949490
39 93 0.760478
39 94 0.703037
39 95 0.550591
39 96 0.763083
39 97 0.754459
39 98 0.923438
39 99 0.811494
39 100 0.778942
39 101 0.688373
39 102 0.739113
39 103 0.715413
39 104 0.591954
39 105 0.630364
39 106 0.734830
39 107 0.607656
40 41 0.254628
40 42 0.326102
40 43 0.243597
40 44 0.208933
40 45 0.841011
40 46 0.782738
40 47 1.000000
40 48 0.743632
40 49 0.912032
40 50 0.301788
40 51 0.449230
40 52 0.501775
40 53 0.674166
40 54 0.830697
40 55 0.538698
40 56 1.000000
40 57 0.958616
40 58 1.000000
40 59 0.473954
40 60 0.345488
40 61 1.000000
40 62 1.000000
40 63 1.000000
40 64 0.918453
40 65 0.317756
40 66 1.000000
40 67 1.000000
40 68 0.828863
40 69 0.414161
40 70 0.288360
40 71 0.462015
40 72 1.000000
40 73 0.738341
40 74 0.822581
40 75 0.796964
40 76 0.698167
40 77 0.702905
40 78 0.327293
40 79 0.737239
40 80 1.000000
40 81 0.561789
40 82 0.859104
40 83 1.000000
40 84 1.000000
40 85 0.405907
40 86 0.619477
40 87 1.000000
40 88 1.000000
40 89 1.000000
40 90 0.732249
40 91 0.288499
40 92 1.000000
40 93 1.000000
40 94 0.468937
40 95 0.919035
40 96 0.459074
40 97 0.415448
40 98 0.814951
40 99 1.000000
40 100 1.000000
40 101 1.000000
40 102 1.000000
40 103 1.000000
40 104 0.273015
40 105 0.344208
40 106 0.982663
40 107 0.835614
41 42 0.336318
41 43 0.274517
41 44 0.286550
41 45 0.881939
41 46 0.763569
41 47 1.000000
41 48 0.827101
41 49 0.892322
41 50 0.369615
41 51 0.488450
41 52 0.578618
41 53 0.764814
41 54 0.939070
41 55 0.641693
41 56 1.000000
41 57 0.963319
41 58 1.000000
41 59 0.501899
41 60 0.376210
41 61 1.000000
41 62 1.000000
41 63 1.000000
41 64 0.957061
41 65 0.379164
41 66 1.000000
41 67 1.000000
41 68 0.884393
41 69 0.528077
41 70 0.300184
41 71 0.501719
41 72 1.000000
41 73 0.835415
41 74 0.797936
41 75 0.795756
41 76 0.705779
41 77 0.725451
41 78 0.334985
41 79 0.713843
41 80 1.000000
41 81 0.624782
41 82 0.896845
41 83 1.000000
41 84 1.000000
41 85 0.543912
41 86 0.718427
41 87 1.000000
41 88 1.000000
41 89 1.000000
41 90 0.755744
41 91 0.335515
41 92 1.000000
41 93 1.000000
41 94 0.542929
41 95 0.910194
41 96 0.574777
41 97 0.531160
41 98 0.832360
41 99 1.000000
41 100 1.000000
41 101 1.000000
41 102 1.000000
41 103 1.000000
41 104 0.263906
41 105 0.382321
41 106 1.000000
41 107 0.866158
42 43 0.358853
42 44 0.362524
42 45 0.838735
42 46 0.750825
42 47 0.964427
42 48 0.783939
42 49 0.856353
42 50 0.396564
42 51 0.506450
42 52 0.605096
42 53 0.766983
42 54 0.935625
42 55 0.661187
42 56 1.000000
42 57 0.894981
42 58 1.000000
42 59 0.512138
42 60 0.360148
42 61 0.992862
42 62 0.985258
42 63 1.000000
42 64 0.864958
42 65 0.382618
42 66 1.000000
42 67 1.000000
42 68 0.829560
42 69 0.519197
42 70 0.383103
42 71 0.484882
42 72 1.000000
42 73 0.820385
42 74 0.741497
42 75 0.756127
42 76 0.660063
42 77 0.705232
42 78 0.328976
42 79 0.664358
42 80 1.000000
42 81 0.587200
42 82 0.894605
42 83 1.000000
42 84 0.982645
42 85 0.587475
42 86 0.687249
42 87 1.000000
42 88 1.000000
42 89 1.000000
42 90 0.692009
42 91 0.368304
42 92 1.000000
42 93 1.000000
42 94 0.575349
42 95 0.847406
42 96 0.584370
42 97 0.556363
42 98 0.818991
42 99 1.000000
42 100 1.000000
42 101 0.985964
42 102 1.000000
42 103 1.000000
42 104 0.335560
42 105 0.391984
42 106 0.945976
42 107 0.778659
43 44 0.239238
43 45 0.858452
43 46 0.774130
43 47 1.000000
43 48 0.768737
43 49 0.917088
43 50 0.345867
43 51 0.438888
43 52 0.526761
43 53 0.674384
43 54 0.863577
43 55 0.593461
43 56 1.000000
43 57 0.982428
43 58 1.000000
43 59 0.496950
43 60 0.351001
43 61 1.000000
43 62 1.000000
43 63 1.000000
43 64 0.932911
43 65 0.359232
43 66 1.000000
43 67 1.000000
43 68 0.851682
43 69 0.462215
43 70 0.301767
43 71 0.445671
43 72 1.000000
43 73 0.736977
43 74 0.819311
43 75 0.817658
43 76 0.664983
43 77 0.712987
43 78 0.362226
43 79 0.754896
43 80 1.000000
43 81 0.603939
43 82 0.877268
43 83 1.000000
43 84 1.000000
43 85 0.479190
43 86 0.662624
43 87 1.000000
43 88 1.000000
43 89 1.000000
43 90 0.760781
43 91 0.300600
43 92 1.000000
43 93 1.000000
43 94 0.514236
43 95 0.928922
43 96 0.523136
43 97 0.475737
43 98 0.818221
43 99 1.000000
43 100 1.000000
43 101 1.000000
43 102 1.000000
43 103 1.000000
43 104 0.337011
43 105 0.336931
43 106 1.000000
43 107 0.882941
44 45 0.843522
44 46 0.763769
44 47 1.000000
44 48 0.744054
44 49 0.894036
44 50 0.319060
44 51 0.408488
44 52 0.473770
44 53 0.645560
44 54 0.804707
44 55 0.546708
44 56 1.000000
44 57 0.946522
44 58 1.000000
44 59 0.488255
44 60 0.368019
44 61 1.000000
44 62 1.000000
44 63 1.000000
44 64 0.891497
44 65 0.356310
44 66 1.000000
44 67 1.000000
44 68 0.809186
44 69 0.416028
44 70 0.303879
44 71 0.466302
44 72 1.000000
44 73 0.714549
44 74 0.822735
44 75 0.809553
44 76 0.699851
44 77 0.698619
44 78 0.347923
44 79 0.753641
44 80 1.000000
44 81 0.581490
44 82 0.834864
44 83 1.000000
44 84 1.000000
44 85 0.397004
44 86 0.630487
44 87 1.000000
44 88 1.000000
44 89 1.000000
44 90 0.754310
44 91 0.288553
44 92 1.000000
44 93 1.000000
44 94 0.474481
44 95 0.918741
44 96 0.471108
44 97 0.396635
44 98 0.764086
44 99 0.979804
44 100 1.000000
44 101 1.000000
44 102 1.000000
44 103 1.000000
44 104 0.284113
44 105 0.328166
44 106 0.973500
44 107 0.879565
45 46 0.390810
45 47 0.461722
45 48 0.667081
45 49 0.426037
45 50 0.850636
45 51 0.803142
45 52 0.808482
45 53 0.804954
45 54 0.785962
45 55 0.903526
45 56 0.472996
45 57 0.465440
45 58 0.647691
45 59 0.845771
45 60 0.823942
45 61 0.654133
45 62 0.466445
45 63 0.495827
45 64 0.451377
45 65 0.832854
45 66 0.643852
45 67 0.691811
45 68 0.524039
45 69 0.800188
45 70 0.858542
45 71 0.748356
45 72 0.647416
45 73 0.755898
45 74 0.496822
45 75 0.430198
45 76 0.515767
45 77 0.477957
45 78 0.846105
45 79 0.465065
45 80 0.499525
45 81 0.825264
45 82 0.544816
45 83 0.482849
45 84 0.480013
45 85 0.855688
45 86 0.685728
45 87 0.540891
45 88 0.546453
45 89 0.532551
45 90 0.446282
45 91 0.808316
45 92 0.698988
45 93 0.505663
45 94 0.823653
45 95 0.430214
45 96 0.875346
45 97 0.856599
45 98 0.907155
45 99 0.471326
45 100 0.546755
45 101 0.463989
45 102 0.533012
45 103 0.514399
45 104 0.770388
45 105 0.740805
45 106 0.482694
45 107 0.544456
46 47 0.544115
46 48 0.679839
46 49 0.402244
46 50 0.741361
46 51 0.736320
46 52 0.756688
46 53 0.789924
46 54 0.833170
46 55 0.771716
46 56 0.555843
46 57 0.541886
46 58 0.730914
46 59 0.847283
46 60 0.716055
46 61 0.759240
46 62 0.505882
46 63 0.556675
46 64 0.525580
46 65 0.722385
46 66 0.759777
46 67 0.776745
46 68 0.520222
46 69 0.735092
46 70 0.764462
46 71 0.707498
46 72 0.709835
46 73 0.744605
46 74 0.511625
46 75 0.439259
46 76 0.491533
46 77 0.432192
46 78 0.758625
46 79 0.439202
46 80 0.579384
46 81 0.811470
46 82 0.573081
46 83 0.543114
46 84 0.511089
46 85 0.785860
46 86 0.699732
46 87 0.602963
46 88 0.610025
46 89 0.624770
46 90 0.383377
46 91 0.758304
46 92 0.779165
46 93 0.578362
46 94 0.745088
46 95 0.472215
46 96 0.792231
46 97 0.812292
46 98 0.860073
46 99 0.564467
46 100 0.593728
46 101 0.514410
46 102 0.556726
46 103 0.497575
46 104 0.726508
46 105 0.712671
46 106 0.566794
46 107 0.546255
47 48 0.529182
47 49 0.407470
47 50 1.000000
47 51 0.885671
47 52 0.846999
47 53 0.772244
47 54 0.683308
47 55 0.823247
47 56 0.328710
47 57 0.452670
47 58 0.574131
47 59 0.959185
47 60 0.958238
47 61 0.651426
47 62 0.349397
47 63 0.344339
47 64 0.399106
47 65 0.971052
47 66 0.458767
47 67 0.503818
47 68 0.446763
47 69 0.840612
47 70 1.000000
47 71 0.847087
47 72 0.511329
47 73 0.682020
47 74 0.559849
47 75 0.477533
47 76 0.571779
47 77 0.546901
47 78 0.962697
47 79 0.555643
47 80 0.311011
47 81 0.805015
47 82 0.536431
47 83 0.367478
47 84 0.289642
47 85 0.830850
47 86 0.657719
47 87 0.360755
47 88 0.412744
47 89 0.370672
47 90 0.491864
47 91 0.974609
47 92 0.582495
47 93 0.364965
47 94 0.874713
47 95 0.382702
47 96 0.840967
47 97 0.838473
47 98 0.955071
47 99 0.394642
47 100 0.358489
47 101 0.360176
47 102 0.404485
47 103 0.396332
47 104 0.895827
47 105 0.804045
47 106 0.366640
47 107 0.549197
48 49 0.611848
48 50 0.745189
48 51 0.694176
48 52 0.636422
48 53 0.561750
48 54 0.589965
48 55 0.584167
48 56 0.588682
48 57 0.677123
48 58 0.770468
48 59 0.850799
48 60 0.778056
48 61 0.873752
48 62 0.578074
48 63 0.581302
48 64 0.619011
48 65 0.780884
48 66 0.710096
48 67 0.713443
48 68 0.578826
48 69 0.595659
48 70 0.809425
48 71 0.652247
48 72 0.712997
48 73 0.556583
48 74 0.709821
48 75 0.662008
48 76 0.744026
48 77 0.694666
48 78 0.768224
48 79 0.695138
48 80 0.574389
48 81 0.571156
48 82 0.649712
48 83 0.569902
48 84 0.566577
48 85 0.572580
48 86 0.470903
48 87 0.618636
48 88 0.660671
48 89 0.664330
48 90 0.645485
48 91 0.717929
48 92 0.568044
48 93 0.577914
48 94 0.660551
48 95 0.609286
48 96 0.592380
48 97 0.562894
48 98 0.830887
48 99 0.630119
48 100 0.631765
48 101 0.619936
48 102 0.702847
48 103 0.665074
48 104 0.665207
48 105 0.557706
48 106 0.672410
48 107 0.704934
49 50 0.839438
49 51 0.889761
49 52 0.851658
49 53 0.802099
49 54 0.769083
49 55 0.781337
49 56 0.421582
49 57 0.393498
49 58 0.631295
49 59 0.888966
49 60 0.846831
49 61 0.630291
49 62 0.337780
49 63 0.374553
49 64 0.427030
49 65 0.818313
49 66 0.622342
49 67 0.656816
49 68 0.416710
49 69 0.813129
49 70 0.909427
49 71 0.799605
49 72 0.587162
49 73 0.727350
49 74 0.475969
49 75 0.407002
49 76 0.501841
49 77 0.431013
49 78 0.827466
49 79 0.419252
49 80 0.438049
49 81 0.824987
49 82 0.561579
49 83 0.429728
49 84 0.349306
49 85 0.807703
49 86 0.663072
49 87 0.459132
49 88 0.487058
49 89 0.466276
49 90 0.424550
49 91 0.882496
49 92 0.583006
49 93 0.433607
49 94 0.772493
49 95 0.294296
49 96 0.848171
49 97 0.854490
49 98 0.825249
49 99 0.437038
49 100 0.443070
49 101 0.370887
49 102 0.473201
49 103 0.451610
49 104 0.755416
49 105 0.760368
49 106 0.492627
49 107 0.484119
50 51 0.472496
50 52 0.519151
50 53 0.628160
50 54 0.795715
50 55 0.565914
50 56 1.000000
50 57 0.956522
50 58 1.000000
50 59 0.520933
50 60 0.423805
50 61 1.000000
50 62 0.960835
50 63 1.000000
50 64 0.916817
50 65 0.422343
50 66 1.000000
50 67 1.000000
50 68 0.800897
50 69 0.452090
50 70 0.387242
50 71 0.518515
50 72 1.000000
50 73 0.724870
50 74 0.800788
50 75 0.844648
50 76 0.735729
50 77 0.754449
50 78 0.386962
50 79 0.750925
50 80 1.000000
50 81 0.573986
50 82 0.809146
50 83 0.985271
50 84 1.000000
50 85 0.466150
50 86 0.636403
50 87 1.000000
50 88 1.000000
50 89 1.000000
50 90 0.737734
50 91 0.367042
50 92 1.000000
50 93 1.000000
50 94 0.501397
50 95 0.918691
50 96 0.458688
50 97 0.484989
50 98 0.736151
50 99 0.979476
50 100 1.000000
50 101 1.000000
50 102 1.000000
50 103 0.959904
50 104 0.445341
50 105 0.393744
50 106 0.911170
50 107 0.862742
51 52 0.392506
51 53 0.535668
51 54 0.668440
51 55 0.538624
51 56 0.970387
51 57 0.888195
51 58 0.957861
51 59 0.583573
51 60 0.486947
51 61 0.967747
51 62 0.912001
51 63 0.942249
51 64 0.880942
51 65 0.537466
51 66 1.000000
51 67 1.000000
51 68 0.722498
51 69 0.429645
51 70 0.494524
51 71 0.528950
51 72 0.974423
51 73 0.554582
51 74 0.773274
51 75 0.759075
51 76 0.704506
51 77 0.762054
51 78 0.508175
51 79 0.754162
51 80 0.957326
51 81 0.595499
51 82 0.723545
51 83 0.910541
51 84 0.942832
51 85 0.479110
51 86 0.612450
51 87 1.000000
51 88 0.954275
51 89 1.000000
51 90 0.717910
51 91 0.380384
51 92 0.949311
51 93 0.914840
51 94 0.554765
51 95 0.847963
51 96 0.500463
51 97 0.480070
51 98 0.771366
51 99 0.917920
51 100 0.964639
51 101 0.896329
51 102 0.955246
51 103 0.948916
51 104 0.568270
51 105 0.487611
51 106 0.847233
51 107 0.869529
52 53 0.504964
52 54 0.610892
52 55 0.436849
52 56 0.915706
52 57 0.920750
52 58 0.925946
52 59 0.709081
52 60 0.623209
52 61 0.928388
52 62 0.816179
52 63 0.752223
52 64 0.790915
52 65 0.591979
52 66 0.968659
52 67 0.942468
52 68 0.654662
52 69 0.361908
52 70 0.564507
52 71 0.585020
52 72 0.912617
52 73 0.530474
52 74 0.829193
52 75 0.826058
52 76 0.748055
52 77 0.808222
52 78 0.603695
52 79 0.871724
52 80 0.902541
52 81 0.512741
52 82 0.678930
52 83 0.781564
52 84 0.892972
52 85 0.416100
52 86 0.527820
52 87 0.961496
52 88 0.874115
52 89 0.942216
52 90 0.758328
52 91 0.481717
52 92 0.817458
52 93 0.834112
52 94 0.565652
52 95 0.892290
52 96 0.414560
52 97 0.425486
52 98 0.762269
52 99 0.807297
52 100 0.933437
52 101 0.883796
52 102 1.000000
52 103 1.000000
52 104 0.520265
52 105 0.443760
52 106 0.916212
52 107 0.972029
53 54 0.360766
53 55 0.512729
53 56 0.806207
53 57 0.864345
53 58 0.740150
53 59 0.733589
53 60 0.706984
53 61 1.000000
53 62 0.756511
53 63 0.792304
53 64 0.757555
53 65 0.753369
53 66 0.781667
53 67 0.747694
53 68 0.669759
53 69 0.534648
53 70 0.721662
53 71 0.632592
53 72 0.702560
53 73 0.394727
53 74 0.863102
53 75 0.849249
53 76 0.850438
53 77 0.852134
53 78 0.712467
53 79 0.902190
53 80 0.770518
53 81 0.587228
53 82 0.628514
53 83 0.677078
53 84 0.835095
53 85 0.517880
53 86 0.504596
53 87 0.844740
53 88 0.770317
53 89 0.820529
53 90 0.791512
53 91 0.661931
53 92 0.689505
53 93 0.717256
53 94 0.658854
53 95 0.830120
53 96 0.513635
53 97 0.545864
53 98 0.712712
53 99 0.689863
53 100 0.813608
53 101 0.785411
53 102 0.720909
53 103 0.744934
53 104 0.802837
53 105 0.654728
53 106 0.677368
53 107 0.862866
54 55 0.532864
54 56 0.701603
54 57 0.801943
54 58 0.650680
54 59 0.858073
54 60 0.882573
54 61 0.951757
54 62 0.687687
54 63 0.671531
54 64 0.705470
54 65 0.895914
54 66 0.607381
54 67 0.571657
54 68 0.653869
54 69 0.633534
54 70 0.877414
54 71 0.788739
54 72 0.565952
54 73 0.447535
54 74 0.888441
54 75 0.859515
54 76 0.829755
54 77 0.850228
54 78 0.882988
54 79 0.942222
54 80 0.674265
54 81 0.717046
54 82 0.562410
54 83 0.572944
54 84 0.770362
54 85 0.590807
54 86 0.552449
54 87 0.759589
54 88 0.631866
54 89 0.687289
54 90 0.832740
54 91 0.836491
54 92 0.576628
54 93 0.640834
54 94 0.741308
54 95 0.799468
54 96 0.611913
54 97 0.613919
54 98 0.773496
54 99 0.590623
54 100 0.692908
54 101 0.712902
54 102 0.696814
54 103 0.705191
54 104 0.985838
54 105 0.855699
54 106 0.637500
54 107 0.843068
55 56 0.860139
55 57 0.861459
55 58 0.875479
55 59 0.676066
55 60 0.601656
55 61 1.000000
55 62 0.787090
55 63 0.765583
55 64 0.740539
55 65 0.572272
55 66 0.892290
55 67 0.855857
55 68 0.749643
55 69 0.459749
55 70 0.601120
55 71 0.588667
55 72 0.883829
55 73 0.529167
55 74 0.931023
55 75 0.836748
55 76 0.724079
55 77 0.725618
55 78 0.597504
55 79 0.825796
55 80 0.851668
55 81 0.540658
55 82 0.727482
55 83 0.800137
55 84 0.857145
55 85 0.399223
55 86 0.489061
55 87 0.909141
55 88 0.773959
55 89 0.847590
55 90 0.810667
55 91 0.585092
55 92 0.773959
55 93 0.837182
55 94 0.406024
55 95 0.826577
55 96 0.418922
55 97 0.365277
55 98 0.725511
55 99 0.787405
55 100 0.819151
55 101 0.796466
55 102 1.000000
55 103 1.000000
55 104 1.000000
55 105 1.000000
55 106 1.000000
55 107 1.000000
56 57 0.399469
56 58 0.513784
56 59 1.000000
56 60 1.000000
56 61 0.630414
56 62 0.311423
56 63 0.316136
56 64 0.408613
56 65 1.000000
56 66 0.394803
56 67 0.421024
56 68 0.489990
56 69 0.939998
56 70 1.000000
56 71 0.916252
56 72 0.434894
56 73 0.718746
56 74 0.571569
56 75 0.477951
56 76 0.628582
56 77 0.594424
56 78 1.000000
56 79 0.590310
56 80 0.218344
56 81 0.850128
56 82 0.563203
56 83 0.318678
56 84 0.257861
56 85 0.930372
56 86 0.704292
56 87 0.270188
56 88 0.309441
56 89 0.276819
56 90 0.541120
56 91 1.000000
56 92 0.493755
56 93 0.323838
56 94 0.947260
56 95 0.393782
56 96 0.896772
56 97 0.914751
56 98 0.949613
56 99 0.397587
56 100 0.267372
56 101 0.303386
56 102 0.304755
56 103 0.217254
56 104 0.985299
56 105 0.943629
56 106 0.395041
56 107 0.615735
57 58 0.518833
57 59 0.910500
57 60 0.899177
57 61 0.543146
57 62 0.400699
57 63 0.347840
57 64 0.418035
57 65 0.859097
57 66 0.597215
57 67 0.618039
57 68 0.458977
57 69 0.856024
57 70 0.930079
57 71 0.840221
57 72 0.557632
57 73 0.809617
57 74 0.470778
57 75 0.402544
57 76 0.537741
57 77 0.498941
57 78 0.889933
57 79 0.443630
57 80 0.428386
57 81 0.853903
57 82 0.583266
57 83 0.429553
57 84 0.349099
57 85 0.893300
57 86 0.722140
57 87 0.432352
57 88 0.476382
57 89 0.424554
57 90 0.438464
57 91 0.926783
57 92 0.604448
57 93 0.422762
57 94 0.830633
57 95 0.289108
57 96 0.901710
57 97 0.863805
57 98 0.965964
57 99 0.457444
57 100 0.404116
57 101 0.381290
57 102 0.392966
57 103 0.421773
57 104 0.841341
57 105 0.866563
57 106 0.453245
57 107 0.562469
58 59 0.995385
58 60 1.000000
58 61 0.717915
58 62 0.572899
58 63 0.516784
58 64 0.588850
58 65 1.000000
58 66 0.400506
58 67 0.391139
58 68 0.700534
58 69 1.000000
58 70 1.000000
58 71 0.992437
58 72 0.330593
58 73 0.730337
58 74 0.763590
58 75 0.698565
58 76 0.780406
58 77 0.797668
58 78 1.000000
58 79 0.773633
58 80 0.483116
58 81 0.906761
58 82 0.654732
58 83 0.521855
58 84 0.576472
58 85 0.999364
58 86 0.833429
58 87 0.576409
58 88 0.432436
58 89 0.450134
58 90 0.739083
58 91 1.000000
58 92 0.447126
58 93 0.471657
58 94 1.000000
58 95 0.619935
58 96 0.979329
58 97 0.988102
58 98 0.814933
58 99 0.483298
58 100 0.510548
58 101 0.520277
58 102 0.559284
58 103 0.614363
58 104 1.000000
58 105 1.000000
58 106 0.529573
58 107 0.772338
59 60 0.524603
59 61 1.000000
59 62 0.995334
59 63 0.990396
59 64 0.933506
59 65 0.545474
59 66 1.000000
59 67 1.000000
59 68 0.939692
59 69 0.613699
59 70 0.509142
59 71 0.552845
59 72 1.000000
59 73 0.826787
59 74 0.834410
59 75 0.875896
59 76 0.754139
59 77 0.757328
59 78 0.485418
59 79 0.777205
59 80 1.000000
59 81 0.682378
59 82 0.865921
59 83 1.000000
59 84 0.973600
59 85 0.657249
59 86 0.782151
59 87 1.000000
59 88 1.000000
59 89 1.000000
59 90 0.872949
59 91 0.566062
59 92 0.955012
59 93 0.986075
59 94 0.555161
59 95 0.918897
59 96 0.617440
59 97 0.634091
59 98 0.918981
59 99 0.973877
59 100 1.000000
59 101 0.992231
59 102 1.000000
59 103 1.000000
59 104 1.000000
59 105 1.000000
59 106 1.000000
59 107 1.000000
60 61 0.989600
60 62 0.967427
60 63 1.000000
60 64 0.864208
60 65 0.328046
60 66 1.000000
60 67 1.000000
60 68 0.859542
60 69 0.505030
60 70 0.370726
60 71 0.437738
60 72 1.000000
60 73 0.742288
60 74 0.802491
60 75 0.744172
60 76 0.637736
60 77 0.642936
60 78 0.360499
60 79 0.644142
60 80 1.000000
60 81 0.619023
60 82 0.867978
60 83 1.000000
60 84 0.972745
60 85 0.550507
60 86 0.642404
60 87 1.000000
60 88 1.000000
60 89 1.000000
60 90 0.684046
60 91 0.387169
60 92 1.000000
60 93 0.997441
60 94 0.513433
60 95 0.840870
60 96 0.555199
60 97 0.508899
60 98 0.848078
60 99 0.974395
60 100 1.000000
60 101 0.947368
60 102 0.921100
60 103 0.971509
60 104 0.290471
60 105 0.464996
60 106 0.886830
60 107 0.805019
61 62 0.579010
61 63 0.607435
61 64 0.656634
61 65 0.982505
61 66 0.770232
61 67 0.800524
61 68 0.660051
61 69 0.950694
61 70 1.000000
61 71 0.937358
61 72 0.762965
61 73 0.891396
61 74 0.675561
61 75 0.609267
61 76 0.774228
61 77 0.772752
61 78 0.984682
61 79 0.729948
61 80 0.628316
61 81 0.952867
61 82 0.726686
61 83 0.660769
61 84 0.531649
61 85 0.989673
61 86 0.816475
61 87 0.624478
61 88 0.688099
61 89 0.626083
61 90 0.684203
61 91 1.000000
61 92 0.777214
61 93 0.639360
61 94 0.954405
61 95 0.535120
61 96 1.000000
61 97 0.957540
61 98 1.000000
61 99 0.677469
61 100 0.626932
61 101 0.560579
61 102 1.000000
61 103 1.000000
61 104 1.000000
61 105 1.000000
61 106 1.000000
61 107 1.000000
62 63 0.233423
62 64 0.407791
62 65 0.942197
62 66 0.503338
62 67 0.526218
62 68 0.415362
62 69 0.829368
62 70 1.000000
62 71 0.864763
62 72 0.489225
62 73 0.668932
62 74 0.525855
62 75 0.452592
62 76 0.588333
62 77 0.530543
62 78 0.958905
62 79 0.527517
62 80 0.315971
62 81 0.806732
62 82 0.516863
62 83 0.314926
62 84 0.256471
62 85 0.830480
62 86 0.639804
62 87 0.346457
62 88 0.390069
62 89 0.380626
62 90 0.484115
62 91 0.985700
62 92 0.486904
62 93 0.307258
62 94 0.871974
62 95 0.356498
62 96 0.813282
62 97 0.839371
62 98 0.887544
62 99 0.390516
62 100 0.345766
62 101 0.312579
62 102 0.377925
62 103 0.372820
62 104 0.838152
62 105 0.738276
62 106 0.431100
62 107 0.501293
63 64 0.372777
63 65 0.988770
63 66 0.443917
63 67 0.456360
63 68 0.383742
63 69 0.781729
63 70 1.000000
63 71 0.881669
63 72 0.443557
63 73 0.663608
63 74 0.511483
63 75 0.454377
63 76 0.592475
63 77 0.580623
63 78 0.954115
63 79 0.585287
63 80 0.326031
63 81 0.780374
63 82 0.470287
63 83 0.289846
63 84 0.283106
63 85 0.770209
63 86 0.594354
63 87 0.349630
63 88 0.346573
63 89 0.338038
63 90 0.477461
63 91 1.000000
63 92 0.544581
63 93 0.324171
63 94 0.829814
63 95 0.379317
63 96 0.827468
63 97 0.828837
63 98 0.892685
63 99 0.370188
63 100 0.279338
63 101 0.293741
63 102 1.000000
63 103 1.000000
63 104 1.000000
63 105 1.000000
63 106 1.000000
63 107 1.000000
64 65 0.804038
64 66 0.567122
64 67 0.610389
64 68 0.465211
64 69 0.806184
64 70 0.932717
64 71 0.806491
64 72 0.587162
64 73 0.717109
64 74 0.579481
64 75 0.477066
64 76 0.473643
64 77 0.474532
64 78 0.858547
64 79 0.543381
64 80 0.420982
64 81 0.802851
64 82 0.542151
64 83 0.425947
64 84 0.392813
64 85 0.759311
64 86 0.658510
64 87 0.489436
64 88 0.446679
64 89 0.432248
64 90 0.489720
64 91 0.894696
64 92 0.645057
64 93 0.427300
64 94 0.782669
64 95 0.432436
64 96 0.764728
64 97 0.763546
64 98 0.920114
64 99 0.393491
64 100 0.485163
64 101 0.428545
64 102 0.487869
64 103 0.494101
64 104 0.781473
64 105 0.809507
64 106 0.459109
64 107 0.667959
65 66 1.000000
65 67 1.000000
65 68 0.833582
65 69 0.506752
65 70 0.365528
65 71 0.469714
65 72 1.000000
65 73 0.803646
65 74 0.800198
65 75 0.736848
65 76 0.630258
65 77 0.640651
65 78 0.372731
65 79 0.661279
65 80 1.000000
65 81 0.645587
65 82 0.877483
65 83 1.000000
65 84 0.961396
65 85 0.548748
65 86 0.660110
65 87 1.000000
65 88 1.000000
65 89 1.000000
65 90 0.699431
65 91 0.382763
65 92 1.000000
65 93 0.978070
65 94 0.508670
65 95 0.831885
65 96 0.548959
65 97 0.508049
65 98 0.837249
65 99 0.961275
65 100 1.000000
65 101 0.954795
65 102 0.928524
65 103 0.945830
65 104 0.324590
65 105 0.445550
65 106 0.897318
65 107 0.733497
66 67 0.158400
66 68 0.660384
66 69 1.000000
66 70 1.000000
66 71 1.000000
66 72 0.307319
66 73 0.706776
66 74 0.830445
66 75 0.729211
66 76 0.796912
66 77 0.806379
66 78 1.000000
66 79 0.843522
66 80 0.343656
66 81 0.949486
66 82 0.616503
66 83 0.410007
66 84 0.496944
66 85 0.981529
66 86 0.812251
66 87 0.445121
66 88 0.366350
66 89 0.385424
66 90 0.776397
66 91 1.000000
66 92 0.450490
66 93 0.398726
66 94 1.000000
66 95 0.625464
66 96 0.971131
66 97 0.986825
66 98 0.943188
66 99 0.428652
66 100 0.400138
66 101 0.461688
66 102 0.470498
66 103 0.468869
66 104 1.000000
66 105 1.000000
66 106 0.493630
66 107 0.761603
67 68 0.688914
67 69 0.985643
67 70 1.000000
67 71 1.000000
67 72 0.273687
67 73 0.653838
67 74 0.845835
67 75 0.766976
67 76 0.838290
67 77 0.839441
67 78 1.000000
67 79 0.881022
67 80 0.396858
67 81 0.955541
67 82 0.607483
67 83 0.442985
67 84 0.543872
67 85 0.959076
67 86 0.787355
67 87 0.488656
67 88 0.379279
67 89 0.399994
67 90 0.798309
67 91 1.000000
67 92 0.375336
67 93 0.437473
67 94 1.000000
67 95 0.659454
67 96 0.944169
67 97 0.949147
67 98 0.893858
67 99 0.451472
67 100 0.435237
67 101 0.492606
67 102 0.497306
67 103 0.466461
67 104 1.000000
67 105 1.000000
67 106 0.468934
67 107 0.770059
68 69 0.588547
68 70 0.861405
68 71 0.790139
68 72 0.634079
68 73 0.607337
68 74 0.497676
68 75 0.481742
68 76 0.548129
68 77 0.522460
68 78 0.826472
68 79 0.582153
68 80 0.509196
68 81 0.723097
68 82 0.470474
68 83 0.400459
68 84 0.442727
68 85 0.668267
68 86 0.611972
68 87 0.547453
68 88 0.591344
68 89 0.571575
68 90 0.434345
68 91 0.810135
68 92 0.637618
68 93 0.486168
68 94 0.747058
68 95 0.434196
68 96 0.702796
68 97 0.703519
68 98 0.863160
68 99 0.494732
68 100 0.528442
68 101 0.487754
68 102 0.684144
68 103 0.657826
68 104 0.720456
68 105 0.605549
68 106 0.644262
68 107 0.636424
69 70 0.511437
69 71 0.499824
69 72 0.973742
69 73 0.560608
69 74 0.778570
69 75 0.779459
69 76 0.670814
69 77 0.689151
69 78 0.504570
69 79 0.773786
69 80 0.937107
69 81 0.564327
69 82 0.684278
69 83 0.799373
69 84 0.894962
69 85 0.381669
69 86 0.533141
69 87 0.952150
69 88 0.960452
69 89 1.000000
69 90 0.662176
69 91 0.435882
69 92 0.857214
69 93 0.842485
69 94 0.451093
69 95 0.833325
69 96 0.345181
69 97 0.390315
69 98 0.811226
69 99 0.866876
69 100 0.952964
69 101 0.865505
69 102 0.998452
69 103 0.995341
69 104 0.486604
69 105 0.361782
69 106 0.890539
69 107 0.794621
70 71 0.468482
70 72 1.000000
70 73 0.812061
70 74 0.804090
70 75 0.796729
70 76 0.692052
70 77 0.716554
70 78 0.388824
70 79 0.715881
70 80 1.000000
70 81 0.628303
70 82 0.900297
70 83 1.000000
70 84 1.000000
70 85 0.528016
70 86 0.693680
70 87 1.000000
70 88 1.000000
70 89 1.000000
70 90 0.740192
70 91 0.355137
70 92 1.000000
70 93 1.000000
70 94 0.515318
70 95 0.921610
70 96 0.568211
70 97 0.513349
70 98 0.781099
70 99 1.000000
70 100 1.000000
70 101 1.000000
70 102 1.000000
70 103 1.000000
70 104 0.311708
70 105 0.421172
70 106 1.000000
70 107 0.896825
71 72 1.000000
71 73 0.711733
71 74 0.756358
71 75 0.701367
71 76 0.659287
71 77 0.673616
71 78 0.480240
71 79 0.680389
71 80 0.917676
71 81 0.586332
71 82 0.841862
71 83 0.926824
71 84 0.868759
71 85 0.555649
71 86 0.607455
71 87 0.919206
71 88 0.950014
71 89 0.978116
71 90 0.703646
71 91 0.462712
71 92 0.888660
71 93 0.885684
71 94 0.503806
71 95 0.805302
71 96 0.524725
71 97 0.489476
71 98 0.894334
71 99 0.895886
71 100 0.953613
71 101 0.866504
71 102 0.899765
71 103 0.895866
71 104 0.473778
71 105 0.448809
71 106 0.868017
71 107 0.813756
72 73 0.626046
72 74 0.753978
72 75 0.721198
72 76 0.802047
72 77 0.799311
72 78 1.000000
72 79 0.791151
72 80 0.389035
72 81 0.923275
72 82 0.578014
72 83 0.400310
72 84 0.510215
72 85 0.975408
72 86 0.770889
72 87 0.497647
72 88 0.361444
72 89 0.394693
72 90 0.755400
72 91 1.000000
72 92 0.379628
72 93 0.424731
72 94 1.000000
72 95 0.587119
72 96 0.937869
72 97 0.959006
72 98 0.848575
72 99 0.439995
72 100 0.402293
72 101 0.432180
72 102 0.445719
72 103 0.451736
72 104 1.000000
72 105 1.000000
72 106 0.426121
72 107 0.707623
73 74 0.858393
73 75 0.792481
73 76 0.768669
73 77 0.781830
73 78 0.801016
73 79 0.870961
73 80 0.719456
73 81 0.609258
73 82 0.634854
73 83 0.632621
73 84 0.754114
73 85 0.529859
73 86 0.482005
73 87 0.780048
73 88 0.691346
73 89 0.745759
73 90 0.771898
73 91 0.713729
73 92 0.620369
73 93 0.662178
73 94 0.700868
73 95 0.761043
73 96 0.584859
73 97 0.566641
73 98 0.737488
73 99 0.651780
73 100 0.736755
73 101 0.683360
73 102 0.725409
73 103 0.735582
73 104 0.810051
73 105 0.669477
73 106 0.635462
73 107 0.773466
74 75 0.371352
74 76 0.555329
74 77 0.539069
74 78 0.725132
74 79 0.420785
74 80 0.631989
74 81 0.832137
74 82 0.648729
74 83 0.625432
74 84 0.491162
74 85 0.848731
74 86 0.766771
74 87 0.610413
74 88 0.695724
74 89 0.641494
74 90 0.445168
74 91 0.800322
74 92 0.750933
74 93 0.607074
74 94 0.861414
74 95 0.419402
74 96 0.866945
74 97 0.877858
74 98 0.833279
74 99 0.648654
74 100 0.601849
74 101 0.559744
74 102 0.671618
74 103 0.633470
74 104 0.651204
74 105 0.636699
74 106 0.695941
74 107 0.671290
75 76 0.488611
75 77 0.456871
75 78 0.751669
75 79 0.367440
75 80 0.525367
75 81 0.770154
75 82 0.633359
75 83 0.573030
75 84 0.414252
75 85 0.813998
75 86 0.674866
75 87 0.507982
75 88 0.594662
75 89 0.558482
75 90 0.394871
75 91 0.769248
75 92 0.706823
75 93 0.533374
75 94 0.792052
75 95 0.312927
75 96 0.853258
75 97 0.834415
75 98 0.927326
75 99 0.569193
75 100 0.506595
75 101 0.452081
75 102 0.549548
75 103 0.582677
75 104 0.595860
75 105 0.614055
75 106 0.581333
75 107 0.511763
76 77 0.348298
76 78 0.684286
76 79 0.464010
76 80 0.642308
76 81 0.769100
76 82 0.624597
76 83 0.662098
76 84 0.585507
76 85 0.701313
76 86 0.685288
76 87 0.669502
76 88 0.646721
76 89 0.685123
76 90 0.476124
76 91 0.676607
76 92 0.828926
76 93 0.626277
76 94 0.681294
76 95 0.500616
76 96 0.734201
76 97 0.751626
76 98 0.938366
76 99 0.611707
76 100 0.652097
76 101 0.572950
76 102 0.640513
76 103 0.662326
76 104 0.635849
76 105 0.621071
76 106 0.643035
76 107 0.611679
77 78 0.694169
77 79 0.384768
77 80 0.631170
77 81 0.785441
77 82 0.606230
77 83 0.616200
77 84 0.537603
77 85 0.705383
77 86 0.671112
77 87 0.631790
77 88 0.624761
77 89 0.629101
77 90 0.397595
77 91 0.724596
77 92 0.833229
77 93 0.610029
77 94 0.659967
77 95 0.470198
77 96 0.748244
77 97 0.736123
77 98 0.928446
77 99 0.586526
77 100 0.619488
77 101 0.562581
77 102 0.536948
77 103 0.532396
77 104 0.643140
77 105 0.676274
77 106 0.557467
77 107 0.555901
78 79 0.636593
78 80 1.000000
78 81 0.599603
78 82 0.884765
78 83 1.000000
78 84 0.957146
78 85 0.529596
78 86 0.674254
78 87 1.000000
78 88 1.000000
78 89 1.000000
78 90 0.729631
78 91 0.356178
78 92 0.990471
78 93 0.985498
78 94 0.550217
78 95 0.845657
78 96 0.518315
78 97 0.528497
78 98 0.802220
78 99 1.000000
78 100 1.000000
78 101 0.969899
78 102 0.985923
78 103 1.000000
78 104 0.349239
78 105 0.421082
78 106 0.949444
78 107 0.816911
79 80 0.619558
79 81 0.803225
79 82 0.691038
79 83 0.671065
79 84 0.492311
79 85 0.850649
79 86 0.722903
79 87 0.610078
79 88 0.686396
79 89 0.653455
79 90 0.368402
79 91 0.712885
79 92 0.788410
79 93 0.598360
79 94 0.738102
79 95 0.390465
79 96 0.841571
79 97 0.813450
79 98 0.877907
79 99 0.652281
79 100 0.597315
79 101 0.524905
79 102 0.515451
79 103 0.557440
79 104 0.618890
79 105 0.659928
79 106 0.555903
79 107 0.464404
80 81 0.884226
80 82 0.536788
80 83 0.290015
80 84 0.288029
80 85 0.922611
80 86 0.723427
80 87 0.321388
80 88 0.292896
80 89 0.300059
80 90 0.585790
80 91 1.000000
80 92 0.456580
80 93 0.257931
80 94 0.942071
80 95 0.420262
80 96 0.881247
80 97 0.898154
80 98 0.931608
80 99 0.366865
80 100 0.308408
80 101 0.310723
80 102 0.271886
80 103 0.261941
80 104 1.000000
80 105 0.932203
80 106 0.311077
80 107 0.596415
81 82 0.805142
81 83 0.839935
81 84 0.833291
81 85 0.525876
81 86 0.577263
81 87 0.884367
81 88 0.863809
81 89 0.891458
81 90 0.772646
81 91 0.565989
81 92 0.802355
81 93 0.827408
81 94 0.595865
81 95 0.809193
81 96 0.546519
81 97 0.509736
81 98 0.868001
81 99 0.844501
81 100 0.874331
81 101 0.860314
81 102 0.937136
81 103 0.957962
81 104 0.631801
81 105 0.566242
81 106 0.871078
81 107 0.883548
82 83 0.367813
82 84 0.570978
82 85 0.699112
82 86 0.672757
82 87 0.653731
82 88 0.541524
82 89 0.583901
82 90 0.593607
82 91 0.845997
82 92 0.652271
82 93 0.492101
82 94 0.804155
82 95 0.575762
82 96 0.697128
82 97 0.753553
82 98 0.840120
82 99 0.469238
82 100 0.593523
82 101 0.523346
82 102 0.601480
82 103 0.589281
82 104 0.852146
82 105 0.785235
82 106 0.499579
82 107 0.697128
83 84 0.353165
83 85 0.826105
83 86 0.672518
83 87 0.411837
83 88 0.385338
83 89 0.376095
83 90 0.578028
83 91 1.000000
83 92 0.523853
83 93 0.334168
83 94 0.857076
83 95 0.438219
83 96 0.777568
83 97 0.844906
83 98 0.920666
83 99 0.351926
83 100 0.362668
83 101 0.354237
83 102 0.386031
83 103 0.336412
83 104 1.000000
83 105 0.955350
83 106 0.365872
83 107 0.624675
84 85 0.851042
84 86 0.668801
84 87 0.292527
84 88 0.413429
84 89 0.346176
84 90 0.467715
84 91 0.993525
84 92 0.559231
84 93 0.349377
84 94 0.879799
84 95 0.298486
84 96 0.883596
84 97 0.870983
84 98 0.944620
84 99 0.416426
84 100 0.301288
84 101 0.312661
84 102 0.354074
84 103 0.334661
84 104 0.866654
84 105 0.825745
84 106 0.408166
84 107 0.531665
85 86 0.487930
85 87 0.936534
85 88 0.929722
85 89 0.974074
85 90 0.758680
85 91 0.472920
85 92 0.806208
85 93 0.849993
85 94 0.479931
85 95 0.843811
85 96 0.381109
85 97 0.335355
85 98 0.766390
85 99 0.815699
85 100 0.916817
85 101 0.862421
85 102 0.998447
85 103 0.975076
85 104 0.413899
85 105 0.381583
85 106 0.927843
85 107 0.864670
86 87 0.698223
86 88 0.736909
86 89 0.756007
86 90 0.637885
86 91 0.632007
86 92 0.631645
86 93 0.659255
86 94 0.581937
86 95 0.671941
86 96 0.505760
86 97 0.474349
86 98 0.800005
86 99 0.663578
86 100 0.717321
86 101 0.657187
86 102 0.709511
86 103 0.739720
86 104 0.520212
86 105 0.466344
86 106 0.734599
86 107 0.747408
87 88 0.390793
87 89 0.339871
87 90 0.568310
87 91 1.000000
87 92 0.532785
87 93 0.381816
87 94 0.938872
87 95 0.391254
87 96 0.965476
87 97 0.938788
87 98 0.998704
87 99 0.467923
87 100 0.281911
87 101 0.341499
87 102 0.340930
87 103 0.303167
87 104 0.948933
87 105 0.909038
87 106 0.473305
87 107 0.574547
88 89 0.218044
88 90 0.637763
88 91 1.000000
88 92 0.476546
88 93 0.369708
88 94 0.942181
88 95 0.502775
88 96 0.894571
88 97 0.920797
88 98 0.937942
88 99 0.391277
88 100 0.354786
88 101 0.385278
88 102 0.350648
88 103 0.350182
88 104 1.000000
88 105 1.000000
88 106 0.407362
88 107 0.668128
89 90 0.616212
89 91 1.000000
89 92 0.503980
89 93 0.376135
89 94 0.963908
89 95 0.437598
89 96 0.942679
89 97 0.967611
89 98 0.923145
89 99 0.385145
89 100 0.314434
89 101 0.354874
89 102 0.339969
89 103 0.301072
89 104 1.000000
89 105 1.000000
89 106 0.396721
89 107 0.629522
90 91 0.693999
90 92 0.752250
90 93 0.558197
90 94 0.733485
90 95 0.394599
90 96 0.771245
90 97 0.786776
90 98 0.870516
90 99 0.585793
90 100 0.578974
90 101 0.490057
90 102 0.621053
90 103 0.619887
90 104 0.555947
90 105 0.563752
90 106 0.630144
90 107 0.538315
91 92 1.000000
91 93 0.978299
91 94 0.543962
91 95 0.890571
91 96 0.486374
91 97 0.461146
91 98 0.782109
91 99 1.000000
91 100 1.000000
91 101 1.000000
91 102 1.000000
91 103 1.000000
91 104 0.327546
91 105 0.326067
91 106 0.913995
91 107 0.836905
92 93 0.404570
92 94 0.943271
92 95 0.636138
92 96 0.878012
92 97 0.819327
92 98 0.697446
92 99 0.549082
92 100 0.477000
92 101 0.499199
92 102 1.000000
92 103 1.000000
92 104 1.000000
92 105 1.000000
92 106 1.000000
92 107 1.000000
93 94 0.894512
93 95 0.440797
93 96 0.822261
93 97 0.833539
93 98 0.879026
93 99 0.398369
93 100 0.361425
93 101 0.340894
93 102 0.316475
93 103 0.322058
93 104 0.893984
93 105 0.857033
93 106 0.187271
93 107 0.577411
94 95 0.788053
94 96 0.481819
94 97 0.458270
94 98 0.939230
94 99 0.843838
94 100 0.928042
94 101 0.865700
94 102 0.872362
94 103 0.851485
94 104 0.698762
94 105 0.695287
94 106 0.840130
94 107 1.000000
95 96 0.874536
95 97 0.851714
95 98 0.905318
95 99 0.460963
95 100 0.399688
95 101 0.339232
95 102 0.405932
95 103 0.413272
95 104 0.727274
95 105 0.761642
95 106 0.447627
95 107 0.371951
96 97 0.317829
96 98 0.849427
96 99 0.843367
96 100 0.937249
96 101 0.882178
96 102 0.890852
96 103 0.858134
96 104 0.569939
96 105 0.477255
96 106 0.788816
96 107 0.860036
97 98 0.819245
97 99 0.843416
97 100 0.921265
97 101 0.871449
97 102 0.902364
97 103 0.906654
97 104 0.476999
97 105 0.427683
97 106 0.839738
97 107 0.845230
98 99 0.830529
98 100 0.959871
98 101 0.885315
98 102 0.980243
98 103 0.910056
98 104 0.754175
98 105 0.721021
98 106 0.898680
98 107 0.916977
99 100 0.415775
99 101 0.388909
99 102 0.375146
99 103 0.370113
99 104 0.981072
99 105 0.903573
99 106 0.364133
99 107 0.628931
100 101 0.285346
100 102 0.360912
100 103 0.339951
100 104 1.000000
100 105 1.000000
100 106 0.470811
100 107 0.626457
101 102 0.379404
101 103 0.350498
101 104 0.909811
101 105 0.857078
101 106 0.405116
101 107 0.546989
102 103 0.251917
102 104 0.953264
102 105 0.924731
102 106 0.320925
102 107 0.577734
103 104 1.000000
103 105 0.927581
103 106 0.346765
103 107 0.604406
104 105 0.370250
104 106 0.949645
104 107 0.805481
105 106 0.928625
105 107 0.766240
106 107 0.579503
